Electricity Load [J],Heating Load [J],Cooling Load [J],Environment:Site Direct Solar Radiation Rate per Area [W/m2](Hourly),Environment:Site Wind Speed [m/s](Hourly),Environment:Site Wind Speed [m/s](Hourly)
0.0027177459334007717,0.00015276057368827283,0.004489631568602044,0.0,2.3125,2.3125
0.0027177459334007717,0.0002416354796405689,0.003919091449848975,0.0,2.5,2.5
0.0024809646194858446,0.0002576786006590523,0.0037000028646466065,0.0,0.9375,0.9375
0.0024809646194858446,0.0002820819249500967,0.0035028256537153984,0.0,0.0,0.0
0.002882537406248412,0.00032880525668867714,0.0032547823902857216,0.0,0.0,0.0
0.004371561121482508,0.00036240198974984164,0.0034125459537718236,0.0,0.0,0.0
0.008425840183298587,0.00029507602315044046,0.0042589405604812345,0.0,0.0,0.0
0.011116803771805298,0.004232272309172261,0.005318045292146441,4.484774191619451e-06,0.0,0.0
0.014319371482252366,0.00016012278198532462,0.0037161690598524664,3.330879165234031e-05,0.625,0.625
0.010597150162442013,0.00024121498844193904,0.007622021373438804,7.993175668605084e-05,1.0,1.0
0.005322050158651321,0.00011521540746691362,0.004717906950913244,9.921005685697058e-05,1.0,1.0
0.005147688397897559,6.450844118445343e-06,0.002579032871500331,0.00013430964375943673,1.0,1.0
0.005009817945031723,8.917348618200366e-06,0.003308842986520446,0.00012937327772213336,1.0,1.0
0.00512866505817376,4.3592600508966095e-07,0.005343971564398042,0.00014092780011859735,1.0,1.0
0.005162271295232327,3.9007656889446605e-07,0.005229038229255804,0.00015117426337583903,1.0,1.0
0.005185687328853731,4.944338207950466e-07,0.005573437631484102,0.00011909567019967211,1.0,1.0
0.006832646428256182,0.00010098679249481275,0.008584040993395577,9.1252697093368e-06,1.0,1.0
0.0089372380351858,6.53233225302955e-05,0.007186863933949286,0.0,1.0,1.0
0.010721271066979914,1.3425430075823414e-06,0.0036179463080109157,0.0,1.0,1.0
0.010142804134590254,9.928759011443656e-05,0.008785921136568689,0.0,1.0,1.0
0.010821214737239905,2.4415941390663062e-06,0.007895129789730514,0.0,1.625,1.625
0.010170111750374373,1.4591671685648273e-06,0.007790208235648672,0.0,2.0,2.0
0.007119309766168257,1.8229528600797148e-05,0.006728673075730298,0.0,2.0,2.0
0.0037958367599202777,8.698136502024533e-05,0.005126473171750301,0.0,2.0,2.0
0.002650094129425078,0.00013730181424417867,0.004509943469431791,0.0,2.0,2.0
0.002582442325449385,0.000190228226998865,0.004020053957519828,0.0,2.0,2.0
0.0024809646194858446,0.00021822152955538318,0.003722031697691857,0.0,1.375,1.375
0.0024809646194858446,0.00025226155782780445,0.0034567509807662353,0.0,1.0,1.0
0.002882537406248412,0.0002855872502497469,0.0032309126205182503,0.0,1.0,1.0
0.004540690631421741,0.0002945814133877307,0.003670649359501854,0.0,1.0,1.0
0.010046761581251649,0.0002090422215886816,0.005730408912249076,0.0,1.0,1.0
0.012881825490389662,0.003840466640975822,0.006384408668290953,3.830744622008282e-06,1.0,1.0
0.011637611769877721,0.00012622922941393376,0.003375201264273194,1.532297848803313e-05,0.375,0.375
0.010234856889295823,0.00027630140635077183,0.006454850678162237,1.2769148740027607e-06,0.0,0.0
0.005429597561086709,0.00017711161567135193,0.0039141146717318305,1.7331783594696007e-05,0.0,0.0
0.005214014254829802,2.4589144092387298e-05,0.0023920991069588697,8.908817066060723e-05,0.0,0.0
0.005089797981536238,9.45214608135432e-06,0.003012832283583488,0.0001066379641118403,0.0,0.0
0.005239347021743663,4.983039807540949e-07,0.005377061617976329,9.385324323920289e-05,0.0,0.0
0.005318163585139052,1.4785335083578974e-06,0.004162683736292681,3.474142785244096e-05,1.25,1.25
0.0052690424090354685,6.742687684670582e-07,0.00493742701744639,0.00010987696769467658,2.0,2.0
0.0069363178355673,0.00010108670316842152,0.00831347791200956,9.15641397455638e-06,2.0,2.0
0.00933302262186616,2.6905173738320572e-05,0.007147285965739802,0.0,2.0,2.0
0.010309895396238593,1.3920098612986554e-06,0.0034430415355409605,0.0,2.0,2.0
0.009900557973788167,8.020516188795701e-05,0.008488150756214657,0.0,2.0,2.0
0.010821214737239905,8.709452136006424e-07,0.0077582748621361,0.0,1.375,1.375
0.009865678632483749,1.1889231245300016e-06,0.007813204843720997,0.0,1.0,1.0
0.006645747138338401,3.4474463011032727e-06,0.006713557203022052,0.0,1.0,1.0
0.0035590554460053496,5.462232526696445e-05,0.005182795467402641,0.0,1.0,1.0
0.002650094129425078,9.837217947485368e-05,0.0045099306482075645,0.0,1.0,1.0
0.002582442325449385,0.00013063136460507153,0.004114054056753058,0.0,1.0,1.0
0.0024809646194858446,0.00017410900586832474,0.003736087501031686,0.0,1.0,1.0
0.0024809646194858446,0.0002167995508693188,0.003441090837741385,0.0,1.0,1.0
0.002882537406248412,0.0002448711533835984,0.003235100964605304,0.0,1.0,1.0
0.004540690631421741,0.00024913495935139073,0.0036824613490722747,0.0,1.0,1.0
0.010046761581251649,0.00017832231398715842,0.005814527370621229,0.0,1.0,1.0
0.012881825490389662,0.003253714669406552,0.006419796043566516,3.830744622008282e-06,1.0,1.0
0.011603107588350604,0.00011461415236011893,0.0031870092991452916,2.5413720419176892e-05,1.625,1.625
0.010068420942077307,0.000261785926590499,0.006554053115269976,4.1639882598577826e-05,2.0,2.0
0.005411339730708719,0.00015436607094822472,0.003959682903934014,2.050849864709312e-05,2.0,2.0
0.005203264385250705,3.121425191814291e-05,0.0023583768573957505,6.857967201351411e-05,2.0,2.0
0.005208080111799554,9.77315421908269e-06,0.002365192012090686,5.7149726677928436e-06,2.0,2.0
0.005325219336497519,1.3227460240433195e-06,0.00531931880094174,2.363849730166086e-05,2.0,2.0
0.005228597152164567,1.7732245125323382e-05,0.003376348625161254,9.455398920664344e-05,5.75,5.75
0.005393544035939067,5.6231863934273524e-05,0.0039197491745611565,7.879499100553621e-06,8.0,8.0
0.006992132014988722,0.0004357323018110715,0.00570016277589725,0.0,8.0,8.0
0.00933302262186616,0.002428415243180718,0.005172360451893451,0.0,8.0,8.0
0.010309895396238593,0.00019789010072484447,0.0025626869403007953,0.0,8.0,8.0
0.009900557973788167,0.0004653373380822287,0.006043387534107887,0.0,8.0,8.0
0.010821214737239905,0.0002867775026450526,0.005709232052700143,0.0,6.125,6.125
0.009865678632483749,0.0002714314229066628,0.006048548870031091,0.0,5.0,5.0
0.006645747138338401,0.0003132688569987291,0.004709159340338514,0.0,5.0,5.0
0.0035590554460053496,0.0005007784708794121,0.003240231146743508,0.0,5.0,5.0
0.002650094129425078,0.000663384655065086,0.002696599003924761,0.0,5.0,5.0
0.002582442325449385,0.0008126699299336422,0.002386867341227982,0.0,5.0,5.0
0.0024809646194858446,0.0007965123815305915,0.002340682831340828,0.0,3.125,3.125
0.0024809646194858446,0.0007957242335461242,0.002268083246738486,0.0,2.0,2.0
0.002882537406248412,0.000842514936883273,0.00212402265906257,0.0,2.0,2.0
0.004540690631421741,0.0008169881757479557,0.00257161831829639,0.0,2.0,2.0
0.010046761581251649,0.000590269045820223,0.004277833349243399,0.0,2.0,2.0
0.012881825490389662,0.004845207112206707,0.005154969879754682,5.605967739524315e-06,2.0,2.0
0.011584771935961524,0.0003587224963777242,0.0028395244168540478,5.4611469062532694e-05,4.5,4.5
0.01006067951524514,0.0007005694884559703,0.005415628149922902,0.00015084724859103343,6.0,6.0
0.005375154732612686,0.000695447221396828,0.0032401532463378763,9.164200040861276e-05,6.0,6.0
0.0052244528363645315,0.000259787830432783,0.0020238446276889216,6.742733420038967e-06,6.0,6.0
0.005083090266551515,0.0002694204366138709,0.002033064751919138,3.078610616955436e-05,6.0,6.0
0.005233519877513691,0.00020845592423890947,0.005335598096348111,0.00015598605235226406,6.0,6.0
0.005261298970342282,0.000109744122664103,0.00317068846488096,0.0001416285460860379,4.75,4.75
0.00530872215656056,8.109254773763027e-05,0.003743302009733634,2.043063798404417e-05,4.0,4.0
0.006911257094479697,0.000499266125340745,0.005759633137871015,3.793371503744786e-05,4.0,4.0
0.00933302262186616,0.0017466558843268194,0.005168215835878367,0.0,4.0,4.0
0.010309895396238593,0.00017679243986235482,0.0026223186778716514,0.0,4.0,4.0
0.009900557973788167,0.0003667270507881972,0.006316468836209211,0.0,4.0,4.0
0.010821214737239905,0.0002563879152265092,0.005664465397439587,0.0,6.5,6.5
0.009865678632483749,0.0002901072722553869,0.005653408716241456,0.0,8.0,8.0
0.006645747138338401,0.00033951520588518496,0.004357319832783232,0.0,8.0,8.0
0.0035590554460053496,0.0005042298157789103,0.0030896823355470175,0.0,8.0,8.0
0.002650094129425078,0.0006443344306276345,0.002564189696448858,0.0,8.0,8.0
0.002582442325449385,0.0007514348697119827,0.0022366711777978567,0.0,8.0,8.0
0.0024809646194858446,0.0006895595857697125,0.0022565262168832653,0.0,4.875,4.875
0.0024809646194858446,0.0006538469635892764,0.0022179742256288877,0.0,3.0,3.0
0.002882537406248412,0.0006857454101078547,0.002103274830998019,0.0,3.0,3.0
0.004540690631421741,0.0006730106273613025,0.002616146836991667,0.0,3.0,3.0
0.010046761581251649,0.0004044838262601816,0.004515995446295721,0.0,3.0,3.0
0.012881825490389662,0.0034320937185490607,0.005257295336993289,3.363580643714589e-06,3.0,3.0
0.011638219623340327,0.00027771583337343715,0.0028558650608093935,3.307520966319346e-05,4.25,4.25
0.0101220648451323,0.0004992644562404139,0.005358325833908477,0.00010684040183576757,5.0,5.0
0.005397106681211305,0.00041265366098890485,0.0037791219801410116,0.00014851142869956496,5.0,5.0
0.0052583703614674645,9.403515014034086e-05,0.0021523976917558335,0.00015768341480673116,5.0,5.0
0.005239463281141048,6.700695474367407e-05,0.002230546099941932,9.509901384798608e-05,5.0,5.0
0.0053378268637061434,2.4434835294949518e-05,0.004754981678871672,0.0001108891563143129,5.0,5.0
0.005299827932749971,6.373433484075268e-07,0.004005727801347216,0.00016553176964206518,4.375,4.375
0.005329523320041776,3.564693885571475e-07,0.004745531926307385,0.00013242541571365215,4.0,4.0
0.00696042400721369,0.00021524803246804125,0.00741192113919854,4.818017829468953e-05,4.0,4.0
0.00933302262186616,0.0004252232469012522,0.006198395196435717,0.0,4.0,4.0
0.010309895396238593,5.558255540546255e-05,0.003073298846759854,0.0,4.0,4.0
0.009900557973788167,0.0002080602492835751,0.007386927270709992,0.0,4.0,4.0
0.010821214737239905,8.540791845491856e-05,0.006793379852776252,0.0,3.375,3.375
0.009865678632483749,8.613147175922085e-05,0.006913308571061581,0.0,3.0,3.0
0.006645747138338401,0.00012949407172159559,0.005770444858314907,0.0,3.0,3.0
0.0035590554460053496,0.00019296228054580344,0.00427767023875899,0.0,3.0,3.0
0.0027177459334007717,0.00028981163007212133,0.0036815455144568673,0.0,3.0,3.0
0.0027177459334007717,0.000379152465354532,0.0032539276694912773,0.0,3.0,3.0
0.0024809646194858446,0.00039110927214211315,0.003097609374233695,0.0,1.125,1.125
0.0024809646194858446,0.0004100571718572035,0.0029637880100503,0.0,0.0,0.0
0.002882537406248412,0.0004501757346690554,0.0027909219433625383,0.0,0.0,0.0
0.004371561121482508,0.00048183000531181483,0.002973128822746756,0.0,0.0,0.0
0.008425840183298587,0.00041405022376774084,0.003749779873442707,0.0,0.0,0.0
0.011116803771805298,0.004420033625622879,0.004821730138763378,5.512534943865577e-06,0.0,0.0
0.014287311614778959,0.00020897854659747436,0.0035413420943599563,3.587819353295561e-05,0.625,0.625
0.010532304180367496,0.0003513673896097542,0.007223526197234306,5.714972667792843e-05,1.0,1.0
0.005363298803492537,0.000271148446828375,0.003688874738731167,4.609351252497769e-06,1.0,1.0
0.005136705062285189,9.868798210242603e-05,0.002135818582040957,2.634804837576428e-05,1.0,1.0
0.004993693140663077,4.37458076617723e-05,0.0025168704260844607,0.00013435636015726607,1.0,1.0
0.005107165319015567,8.173217076934096e-07,0.005317215244598269,0.0001562663507392403,1.0,1.0
0.005139867137193282,1.8953411198127074e-07,0.004606507147250438,0.0001361627275400017,0.375,0.375
0.00524787158415992,4.3699338246268755e-07,0.004561366368573432,1.054233377682767e-05,0.0,0.0
0.006836849380889901,0.00016469988152183776,0.007339417323970246,0.0,0.0,0.0
0.0089372380351858,0.0004641502595600346,0.0062562698628091514,0.0,0.0,0.0
0.010721271066979914,1.1690842717474464e-06,0.003151946731713318,0.0,0.0,0.0
0.010142804134590254,0.00011221392657668253,0.007914182674508111,0.0,0.0,0.0
0.010821214737239905,1.6389968141368552e-05,0.0072059162648508155,0.0,0.0,0.0
0.010170111750374373,3.1548519980297376e-05,0.007257829395769972,0.0,0.0,0.0
0.007119309766168257,6.546605954782977e-05,0.0062914951548021444,0.0,0.0,0.0
0.0037958367599202777,0.0001237988901184087,0.004774651966435815,0.0,0.0,0.0
0.0027177459334007717,0.00017495183604022502,0.004215380219958126,0.0,0.0,0.0
0.0027177459334007717,0.00024367556419996596,0.003777673129041654,0.0,0.0,0.0
0.0024809646194858446,0.00029879252570592745,0.0034240455227048283,0.0,0.0,0.0
0.0024809646194858446,0.0003352222671249823,0.003157369668121229,0.0,0.0,0.0
0.002882537406248412,0.0003559155839158272,0.002986775170925169,0.0,0.0,0.0
0.004371561121482508,0.0003709658463715708,0.003178751525375492,0.0,0.0,0.0
0.008425840183298587,0.0002986484926027141,0.0040601586530286385,0.0,0.0,0.0
0.011116803771805298,0.0037511235836650923,0.005054749046766912,0.0,0.0,0.0
0.014393932951849289,0.00017746919216821735,0.0034429318306347626,0.0,0.625,0.625
0.010727869374323578,0.0003168466374842916,0.006888214511218321,0.0,1.0,1.0
0.005410155849156575,0.00025417010076383013,0.003559080384019091,0.0,1.0,1.0
0.00524290513404141,0.00010662276098243307,0.00205136528787512,0.0,1.0,1.0
0.005142405792786383,8.718195359957382e-05,0.002079988995963344,0.0,1.0,1.0
0.005268315722966363,7.348770687641048e-05,0.004954108433567723,0.0,1.0,1.0
0.0052837985766306965,7.969581701572182e-05,0.00293636345398578,0.0,1.0,1.0
0.0053278826574421,7.953080812861076e-05,0.003675836605417055,0.0,1.0,1.0
0.0068909049217313134,0.0004078703374103342,0.005126020854395125,0.0,1.0,1.0
0.0089372380351858,0.0017378375989029998,0.0048320740434834,0.0,1.0,1.0
0.010721271066979914,0.00011837374155164078,0.0025850253962576048,0.0,1.0,1.0
0.010142804134590254,0.0002735630743623145,0.006560888216232374,0.0,1.0,1.0
0.010821214737239905,0.00014002113247694274,0.006089408861615294,0.0,1.0,1.0
0.010170111750374373,0.00013637639576402204,0.006223101578237719,0.0,1.0,1.0
0.007119309766168257,0.00017073576804957884,0.005145224438647461,0.0,1.0,1.0
0.0037958367599202777,0.00025764485465665205,0.003724658919893387,0.0,1.0,1.0
0.002650094129425078,0.000332260047484237,0.003250406630336782,0.0,1.0,1.0
0.002582442325449385,0.00040847332604145384,0.002862863042603379,0.0,1.0,1.0
0.0024809646194858446,0.00045184702556136424,0.0026913473406522557,0.0,0.375,0.375
0.0024809646194858446,0.000495558644826638,0.0025654261664434523,0.0,0.0,0.0
0.002882537406248412,0.0005549534695400456,0.0024503835655601083,0.0,0.0,0.0
0.004540690631421741,0.0005335314540866599,0.0029261222926234825,0.0,0.0,0.0
0.010046761581251649,0.0003479132658275623,0.00481273165776393,0.0,0.0,0.0
0.012881825490389662,0.004494933937111962,0.005624569754170343,0.0,0.0,0.0
0.011691393273031854,0.00023209934598626456,0.0031279933745975916,0.0,0.625,0.625
0.01027518821505291,0.0005199441457771452,0.005308264721717352,0.0,1.0,1.0
0.005474010292697036,0.0005946109370352302,0.0029978180782455764,0.0,1.0,1.0
0.0053424628406028825,0.00018977444524779849,0.0021777975534160963,0.0,1.0,1.0
0.0052223858292908985,0.00018631458832247177,0.002101392661093649,0.0,1.0,1.0
0.005373170542306294,0.00016785488895831185,0.004884728090154373,0.0,1.0,1.0
0.005388653395970628,0.00015239162123773097,0.0027661211256110757,0.0,0.375,0.375
0.005427362541992482,0.00013603761725105993,0.00349340353258819,0.0,0.0,0.0
0.006994576329042432,0.00045798555588066756,0.0049636282113385225,0.0,0.0,0.0
0.00933302262186616,0.001712904332412428,0.004912061980847263,0.0,0.0,0.0
0.010309895396238593,0.00013416162631513324,0.002506907732284666,0.0,0.0,0.0
0.009900557973788167,0.0002816352476189562,0.006312829074332527,0.0,0.0,0.0
0.010821214737239905,0.00017696464405305817,0.005800412108972562,0.0,0.625,0.625
0.009865678632483749,0.0001810813388111872,0.006018123087335758,0.0,1.0,1.0
0.006645747138338401,0.0002178175545808098,0.004793455279987411,0.0,1.0,1.0
0.0035590554460053496,0.0003247476195854313,0.0033682700264162503,0.0,1.0,1.0
0.002650094129425078,0.00044239543676627836,0.0028380894409087472,0.0,1.0,1.0
0.002582442325449385,0.0005280069309435429,0.002550312200859318,0.0,1.0,1.0
0.0024809646194858446,0.0005509714693850346,0.0024286075742992797,0.0,0.375,0.375
0.0024809646194858446,0.0006038316665206891,0.0023421322468368624,0.0,0.0,0.0
0.002882537406248412,0.0006373700777080442,0.002232151053230867,0.0,0.0,0.0
0.004540690631421741,0.0006415746369464502,0.002723660129211068,0.0,0.0,0.0
0.010046761581251649,0.0003930033877271795,0.004527095912957808,0.0,0.0,0.0
0.012881825490389662,0.004521131106497297,0.005403658359444686,0.0,0.0,0.0
0.011691393273031854,0.00024989577728283297,0.003044270511576694,0.0,0.625,0.625
0.010269891102274454,0.0005489247068425748,0.005081302626849391,0.0,1.0,1.0
0.005474010292697036,0.0006300248318250535,0.00284699370789382,0.0,1.0,1.0
0.0053424628406028825,0.00020709628460082043,0.0021362093239627837,0.0,1.0,1.0
0.0052223858292908985,0.00020325722048105156,0.0021016401736243047,0.0,1.0,1.0
0.005373170542306294,0.00018733138104067628,0.005039494494203412,0.0,1.0,1.0
0.005388653395970628,0.0001732421107416212,0.0027704169978316185,0.0,0.375,0.375
0.005427362541992482,0.00016099691445018834,0.003714891710121529,0.0,0.0,0.0
0.006992132014988722,0.0005522963569698533,0.004600186006637077,0.0,0.0,0.0
0.00933302262186616,0.0022959281711484405,0.004630216644291522,0.0,0.0,0.0
0.010309895396238593,0.00016921176424550136,0.002472126816056897,0.0,0.0,0.0
0.009900557973788167,0.000315330723109276,0.005924851232962342,0.0,0.0,0.0
0.010821214737239905,0.00020715922433863206,0.005603338815047948,0.0,0.0,0.0
0.009865678632483749,0.00019658032101694666,0.00591910446606242,0.0,0.0,0.0
0.006645747138338401,0.00022814930389168428,0.00472060599432376,0.0,0.0,0.0
0.0035590554460053496,0.00033006260140735734,0.0033546695033076827,0.0,0.0,0.0
0.002650094129425078,0.0004209329578865146,0.0028711787809803067,0.0,0.0,0.0
0.002582442325449385,0.00047529426270664433,0.002597605714242261,0.0,0.0,0.0
0.0024809646194858446,0.0005505044936756985,0.002345167055071888,0.0,0.625,0.625
0.0024809646194858446,0.0006231608654566965,0.002195531554399359,0.0,1.0,1.0
0.002882537406248412,0.0006342444463600861,0.002073731118058206,0.0,1.0,1.0
0.004540690631421741,0.0006057268444233602,0.0025582632291312473,0.0,1.0,1.0
0.010046761581251649,0.00037674140755281787,0.004487813969467993,0.0,1.0,1.0
0.012881825490389662,0.0038171663336934985,0.005263210180804805,0.0,1.0,1.0
0.011691393273031854,0.00023602155510418635,0.0029908071829214413,0.0,1.0,1.0
0.010269891102274454,0.0004545812824282945,0.005106321808757531,0.0,1.0,1.0
0.005474010292697036,0.0004788630606152437,0.002773917801846554,0.0,1.0,1.0
0.0053424628406028825,0.00016272105504657993,0.0019980499874547885,0.0,1.0,1.0
0.0052223858292908985,0.0001547646324279233,0.0020125298144538033,0.0,1.0,1.0
0.005373170542306294,0.000145659603295058,0.0049611807291213665,0.0,1.0,1.0
0.00538335628319217,0.00021633479796877875,0.0027506490258898866,0.0,2.875,2.875
0.005427362541992482,0.00027531874411314576,0.003788559101904941,0.0,4.0,4.0
0.006994576329042432,0.0009425957130668865,0.00417379405011398,0.0,4.0,4.0
0.00933302262186616,0.0029489536903057403,0.0041504559775230295,0.0,4.0,4.0
0.010309895396238593,0.00029535775161251165,0.0023185594309204863,0.0,4.0,4.0
0.009900557973788167,0.0004970247425000041,0.005192798758397959,0.0,4.0,4.0
0.010821214737239905,0.0002849002921737426,0.005192476121875538,0.0,2.125,2.125
0.009865678632483749,0.00023028841175129443,0.005631485764574708,0.0,1.0,1.0
0.006645747138338401,0.00025322208907185633,0.004448942376143201,0.0,1.0,1.0
0.0035590554460053496,0.0003576848971327965,0.0031587461866081257,0.0,1.0,1.0
0.002650094129425078,0.0004587598925324183,0.002677917198547559,0.0,1.0,1.0
0.002582442325449385,0.0005449147219210122,0.0024307204530305293,0.0,1.0,1.0
0.0024809646194858446,0.0006003243316327598,0.002247114993703754,0.0,1.0,1.0
0.0024809646194858446,0.0006485839263972272,0.0021275961720585673,0.0,1.0,1.0
0.002882537406248412,0.0006664499525616996,0.002030224074912196,0.0,1.0,1.0
0.004540690631421741,0.0006329541372931638,0.002508414479213653,0.0,1.0,1.0
0.010046761581251649,0.0004012481917711147,0.004398659157666591,0.0,1.0,1.0
0.012881825490389662,0.004048393873199101,0.005195567699239898,0.0,1.0,1.0
0.011691393273031854,0.0002426675985575102,0.003025569157198221,0.0,0.375,0.375
0.010269891102274454,0.0004756489039368142,0.005186112920461117,0.0,0.0,0.0
0.005474010292697036,0.0005542218388990362,0.0029290922360899517,0.0,0.0,0.0
0.0053424628406028825,0.0001730794124682091,0.002189905240435104,0.0,0.0,0.0
0.0052223858292908985,0.00015942749312263145,0.0021884518708509644,0.0,0.0,0.0
0.005373170542306294,0.0001753182064378779,0.005429003628044496,0.0,0.0,0.0
0.00538335628319217,0.0001884086649686758,0.002809507134000326,0.0,0.625,0.625
0.005427362541992482,0.00021308034472655043,0.0038968104176054334,0.0,1.0,1.0
0.006980929935969201,0.0007403820968052141,0.004368756259501856,0.0,1.0,1.0
0.00933302262186616,0.002685542635426329,0.004411762217518667,0.0,1.0,1.0
0.010309895396238593,0.0002117903643131867,0.002402698435687794,0.0,1.0,1.0
0.009900557973788167,0.0003636199029800322,0.005629147573234796,0.0,1.0,1.0
0.010821214737239905,0.00022827718329672427,0.005358137109271517,0.0,1.0,1.0
0.009865678632483749,0.0002105515578739208,0.005659398888903896,0.0,1.0,1.0
0.006645747138338401,0.0002561749028563297,0.004501390420479402,0.0,1.0,1.0
0.0035590554460053496,0.00034249191030190666,0.0031648446452383354,0.0,1.0,1.0
0.002650094129425078,0.00045687501713664505,0.0026774336015841574,0.0,1.0,1.0
0.002582442325449385,0.0005257386470603511,0.0024154410429457927,0.0,1.0,1.0
0.0024809646194858446,0.000570683989360235,0.002251366470220765,0.0,1.0,1.0
0.0024809646194858446,0.0006215655632036491,0.0021229756818410502,0.0,1.0,1.0
0.002882537406248412,0.0006613099501281557,0.0020343851719702307,0.0,1.0,1.0
0.004540690631421741,0.0006252517615218511,0.002512915033546051,0.0,1.0,1.0
0.010046761581251649,0.0004016321953796383,0.0043965989718785905,0.0,1.0,1.0
0.012881825490389662,0.004149617523948747,0.005183906766111042,0.0,1.0,1.0
0.011691393273031854,0.00025617924805636314,0.0029982503950728243,0.0,1.0,1.0
0.010256244709201221,0.0005026250388978166,0.005037118691445453,0.0,1.0,1.0
0.005474010292697036,0.0005835135948003267,0.0027604829350762125,0.0,1.0,1.0
0.0053424628406028825,0.00020309571566864924,0.0020890689657292747,0.0,1.0,1.0
0.0052223858292908985,0.0002021108190622395,0.0021037247284331306,0.0,1.0,1.0
0.005373170542306294,0.00019650844177041698,0.00521801451813264,0.0,1.0,1.0
0.00538335628319217,0.00021143498239964856,0.0027941671748475906,0.0,1.0,1.0
0.005427362541992482,0.0002222867437909092,0.003908883632636442,0.0,1.0,1.0
0.006980929935969201,0.0007792782208969583,0.00434064884635142,0.0,1.0,1.0
0.00933302262186616,0.0027655038718398736,0.0043674471912162165,0.0,1.0,1.0
0.010309895396238593,0.0002251635508841816,0.0024050634046918922,0.0,1.0,1.0
0.009900557973788167,0.00037752948736055034,0.005576978218570363,0.0,1.0,1.0
0.010821214737239905,0.00024014291162639863,0.005324467967281682,0.0,1.0,1.0
0.009865678632483749,0.00022013218615246185,0.005629334989441504,0.0,1.0,1.0
0.006645747138338401,0.00024945894669491667,0.004435797545841363,0.0,1.0,1.0
0.0035590554460053496,0.00035850390499944895,0.0031331781481724985,0.0,1.0,1.0
0.0027177459334007717,0.0004615928261835751,0.0026649517672699824,0.0,1.0,1.0
0.0027177459334007717,0.0005320779254402709,0.0024289987177047684,0.0,1.0,1.0
0.0024809646194858446,0.0005887901616037327,0.002242313133742101,0.0,1.0,1.0
0.0024809646194858446,0.0006330561133684747,0.002115537302603198,0.0,1.0,1.0
0.002882537406248412,0.0006550284734857539,0.0020277165958529045,0.0,1.0,1.0
0.004371561121482508,0.0006575209859165395,0.002267815073272353,0.0,1.0,1.0
0.008425840183298587,0.0004973220994904887,0.0030422761911777793,0.0,1.0,1.0
0.011116803771805298,0.003979477327085439,0.00414365258016318,0.0,1.0,1.0
0.014393932951849289,0.00025457842564907457,0.0030774345637467966,0.0,1.0,1.0
0.01070892586847189,0.00040858494393319314,0.006135147298858569,0.0,1.0,1.0
0.005410155849156575,0.0004616120706330579,0.0029766195627354245,0.0,1.0,1.0
0.005237608021262953,0.0001913157612157564,0.002068689075822021,0.0,1.0,1.0
0.005142405792786383,0.0001844954808803771,0.002049699948984598,0.0,1.0,1.0
0.005268315722966363,0.00017941514502542528,0.005098035278214158,0.0,1.0,1.0
0.00527850146385224,0.00019386149071434208,0.0027130343610623454,0.0,1.0,1.0
0.005322507722652553,0.0002048716584080883,0.0037692552472491105,0.0,1.0,1.0
0.0068772585286580815,0.0007471643663827163,0.004020806689346232,0.0,1.0,1.0
0.0089372380351858,0.002748959892657002,0.003970928613558472,0.0,1.0,1.0
0.010721271066979914,0.00021393715367851496,0.0022936761988831176,0.0,1.0,1.0
0.010142804134590254,0.0003757117097070326,0.005440055468998268,0.0,1.0,1.0
0.010821214737239905,0.00025038038247102645,0.005147238384582112,0.0,1.625,1.625
0.010170111750374373,0.00023823711163108524,0.005363049767667194,0.0,2.0,2.0
0.007119309766168257,0.0002571073674808003,0.004293084233206561,0.0,2.0,2.0
0.0037958367599202777,0.00036828481663460285,0.0029986899691115936,0.0,2.0,2.0
0.0027177459334007717,0.00046436462800663995,0.002619842861803085,0.0,2.0,2.0
0.0027177459334007717,0.0005586302912573137,0.002343475561564852,0.0,2.0,2.0
0.0024809646194858446,0.0006106488537257313,0.002211043742027833,0.0,1.375,1.375
0.0024809646194858446,0.0006474090778323952,0.002114440075442534,0.0,1.0,1.0
0.002882537406248412,0.0006752715507662003,0.002015480698484997,0.0,1.0,1.0
0.004371561121482508,0.0006809105406166775,0.0022568441995846874,0.0,1.0,1.0
0.008425840183298587,0.0005404992702251728,0.0029886688264966635,0.0,1.0,1.0
0.011116803771805298,0.004474174470297467,0.00411571537767655,0.0,1.0,1.0
0.01439148863779558,0.00030983564728069026,0.002936243699703581,0.0,2.25,2.25
0.01070892586847189,0.0005429747538130798,0.0057060270401232535,0.0,3.0,3.0
0.005410155849156575,0.0007409355712982007,0.0026938602385252353,0.0,3.0,3.0
0.005237608021262953,0.00032722159877232474,0.0020389666360788633,0.0,3.0,3.0
0.005131655923207286,0.0003613216223818368,0.0020133482210374855,0.0,3.0,3.0
0.005268315722966363,0.00037778644070323434,0.005471557901932246,0.0,3.0,3.0
0.00527850146385224,0.00039274449794295596,0.002580998534911659,0.0,2.375,2.375
0.005320063408598842,0.0004063358087251993,0.004108718933774725,0.0,2.0,2.0
0.0068772585286580815,0.0016065748162999072,0.0034058014172593186,0.0,2.0,2.0
0.0089372380351858,0.004706227099340741,0.003242083871423326,0.0,2.0,2.0
0.010721271066979914,0.0003923242485343422,0.002255161086419326,0.0,2.0,2.0
0.010142804134590254,0.0006870461018549563,0.004494816786613379,0.0,2.0,2.0
0.010821214737239905,0.00045385024388741775,0.0045085694720960615,0.0,1.375,1.375
0.010170111750374373,0.00040727283209869607,0.004842689823464986,0.0,1.0,1.0
0.007119309766168257,0.0004606195031137999,0.00378350517564489,0.0,1.0,1.0
0.0037958367599202777,0.0007459422939699112,0.002378851706485433,0.0,1.0,1.0
0.0027177459334007717,0.0009133646557930646,0.0021483025863972263,0.0,1.0,1.0
0.0027177459334007717,0.001039157050101908,0.001953555445032799,0.0,1.0,1.0
0.0024809646194858446,0.0011998116075986995,0.0017171093784994853,0.0,1.625,1.625
0.0024809646194858446,0.0014070690714700369,0.0016232741203072911,0.0,2.0,2.0
0.002882537406248412,0.0014046170537382484,0.0014130206635966753,0.0,2.0,2.0
0.004371561121482508,0.0014373853411706425,0.0016770271000929337,0.0,2.0,2.0
0.008425840183298587,0.0014125221523971863,0.0021851103015150014,0.0,2.0,2.0
0.011116803771805298,0.00589002974486719,0.0033451177182874906,0.0,2.0,2.0
0.01439148863779558,0.00047216658729178415,0.002644582056962638,0.0,1.375,1.375
0.01070892586847189,0.0007213378190779786,0.005100663777806529,0.0,1.0,1.0
0.005410155849156575,0.0010618124851247775,0.002597914999652792,0.0,1.0,1.0
0.005237608021262953,0.00038759518554498743,0.002024312956186099,0.0,1.0,1.0
0.00512628098841774,0.00040658710792711557,0.0019423706317824023,0.0,1.0,1.0
0.005257565853387267,0.0004111102456372122,0.005308869334027278,0.0,1.0,1.0
0.00527850146385224,0.00042628606142412594,0.0024992340569348426,0.0,1.0,1.0
0.005308861329579319,0.0004410218405181843,0.0039025692202665067,0.0,1.0,1.0
0.0068772585286580815,0.001730887949113117,0.003276530454213733,0.0,1.0,1.0
0.0089372380351858,0.00448124687998644,0.003096318956330203,0.0,1.0,1.0
0.010721271066979914,0.00040103225741420676,0.0021953118675125506,0.0,1.0,1.0
0.010142804134590254,0.0007069141246614485,0.0043573770493221834,0.0,1.0,1.0
0.010821214737239905,0.0004871844976550419,0.00432059604511086,0.0,1.0,1.0
0.010170111750374373,0.0004582361550683479,0.004587641247560788,0.0,1.0,1.0
0.007119309766168257,0.0005626759679097102,0.0035713597401869964,0.0,1.0,1.0
0.0037958367599202777,0.0008664077839419638,0.002205630134705672,0.0,1.0,1.0
0.002650094129425078,0.0010372550830397669,0.0020091384229815757,0.0,1.0,1.0
0.002582442325449385,0.0011796093571601533,0.0018199553464660749,0.0,1.0,1.0
0.0024809646194858446,0.0012683704791282035,0.0016773454459285979,0.0,1.0,1.0
0.0024809646194858446,0.0014083589196937007,0.0016538620715747347,0.0,1.0,1.0
0.002882537406248412,0.00137630636104606,0.0014661551427194127,0.0,1.0,1.0
0.004540690631421741,0.0013556581985194203,0.001976057169372032,0.0,1.0,1.0
0.010046761581251649,0.0010184963275087669,0.003426925514211761,0.0,1.0,1.0
0.012881825490389662,0.005671669323178684,0.004385824682475232,0.0,1.0,1.0
0.01168357402418859,0.00046923795683744766,0.0026419591942594255,0.0,1.0,1.0
0.01025380039514751,0.00096498162453514,0.0041148833850848335,0.0,1.0,1.0
0.005474010292697036,0.0013465391128035375,0.0026123914990351244,0.0,1.0,1.0
0.0053424628406028825,0.0004181903142153344,0.0021902879480640808,0.0,1.0,1.0
0.005206261024922254,0.00044201874196822283,0.0020912513514682687,0.0,1.0,1.0
0.005362420672727197,0.00045136991452846215,0.005309833416955496,0.0,1.0,1.0
0.00538335628319217,0.00048146798131088473,0.002646648014118152,0.0,1.0,1.0
0.00541371614891925,0.0004972564248924595,0.004050017580420956,0.0,1.0,1.0
0.006980929935969201,0.0018130108822496133,0.003549364100165046,0.0,1.0,1.0
0.00933302262186616,0.004517567767735111,0.003390296439085431,0.0,1.0,1.0
0.010309895396238593,0.00042289164844963345,0.002245203865733138,0.0,1.0,1.0
0.009900557973788167,0.0007294042274127986,0.004372154135700872,0.0,1.0,1.0
0.010821214737239905,0.0005113394559473671,0.004322797876655358,0.0,1.0,1.0
0.009865678632483749,0.000481916684032516,0.0046764138491241,0.0,1.0,1.0
0.006645747138338401,0.000581053679605271,0.0035418473562798015,0.0,1.0,1.0
0.0035590554460053496,0.0009291885542321143,0.0021714984009864936,0.0,1.0,1.0
0.002650094129425078,0.0011890948565922296,0.001951006289827309,0.0,1.0,1.0
0.002582442325449385,0.0013035747341917192,0.0017629737227785592,0.0,1.0,1.0
0.0024809646194858446,0.0015426492589570115,0.001627021464067853,0.0,1.625,1.625
0.0024809646194858446,0.0016497354894669033,0.0014013073727803668,0.0,2.0,2.0
0.002882537406248412,0.0017102537927207238,0.0012679813358007679,0.0,2.0,2.0
0.004540690631421741,0.0016606539052821047,0.0017348033901281971,0.0,2.0,2.0
0.010046761581251649,0.0013211996305962496,0.003079692045425354,0.0,2.0,2.0
0.012881825490389662,0.005996778177572873,0.004065749977398912,5.699400535183054e-06,2.0,2.0
0.011579275454391495,0.0006480737387997247,0.002600824648346057,2.2797602140732216e-05,1.375,1.375
0.010160551413463137,0.0010680652074847418,0.004014821411651265,1.899800178394351e-06,1.0,1.0
0.005403520481865461,0.0013186738380766205,0.002657280962363505,1.910700671221204e-05,1.0,1.0
0.005214014254829802,0.00036767891959618124,0.002227921422240641,0.0001121193547904863,1.0,1.0
0.0050682982423780444,0.0002729691172998009,0.0023842943451464083,0.00017239908012298247,1.0,1.0
0.005233519877513691,0.00017300123079999077,0.0060690866965353325,0.00012994944662869556,1.0,1.0
0.005244721956533213,0.00015690317949170298,0.0031073241249400976,0.00010772801339452557,1.625,1.625
0.005342054355931846,0.00018829613964910135,0.004197321070472306,8.331090946237524e-06,2.0,2.0
0.006921577282349332,0.000982767179075768,0.004978074103645081,0.0,2.0,2.0
0.00933302262186616,0.003655864681416774,0.0044468183761332755,0.0,2.0,2.0
0.010309895396238593,0.00030169542266124996,0.0025338568429613684,0.0,2.0,2.0
0.009900557973788167,0.0005703615410599745,0.005273999048207052,0.0,2.0,2.0
0.010821214737239905,0.00040349312152696714,0.005083100442720358,0.0,1.375,1.375
0.009865678632483749,0.0003868956561627984,0.005419854477457067,0.0,1.0,1.0
0.006645747138338401,0.00046834874033647924,0.004177941448613818,0.0,1.0,1.0
0.0035590554460053496,0.0007454138417312135,0.0027036106799451045,0.0,1.0,1.0
0.002650094129425078,0.0009655642464905649,0.002312466179000036,0.0,1.0,1.0
0.002582442325449385,0.0011256089797455477,0.0020747172240253423,0.0,1.0,1.0
0.0024809646194858446,0.0012558163918220905,0.0019096843353007618,0.0,1.0,1.0
0.0024809646194858446,0.0013573255265936543,0.001759526220053735,0.0,1.0,1.0
0.002882537406248412,0.0016057942351359773,0.001767279900802274,0.0,1.0,1.0
0.004540690631421741,0.0014866752751476287,0.002036618567808063,0.0,1.0,1.0
0.010046761581251649,0.0012860999524511797,0.0034091596590369202,0.0,1.0,1.0
0.012881825490389662,0.005913712352464873,0.004426817140245927,7.474623652699086e-06,1.0,1.0
0.011591163208884718,0.0008061541938054854,0.002724366254976846,4.802445696859163e-05,1.0,1.0
0.010144469003171343,0.0009604755949534874,0.004702303285003529,9.924120112219016e-05,1.0,1.0
0.005402933825441278,0.0010249889889173414,0.0034274017967620683,0.0001276447710024467,1.0,1.0
0.005225216333849323,0.0002802166885011972,0.002397252488961761,0.0001341694945659486,1.0,1.0
0.005089797981536238,0.00022740160517012637,0.002691232993509533,0.00015372809312384452,1.0,1.0
0.005233519877513691,0.00015167259702087552,0.006568271340849153,0.0001816333547605878,1.0,1.0
0.005244721956533213,0.00015251654931011736,0.0034424663126145635,0.0001698763946401965,2.25,2.25
0.0052909943576340875,0.0001495418516552129,0.004796410261125537,0.00014556829563631472,3.0,3.0
0.006873977936238928,0.00103014815203149,0.006083475535858278,7.253499369640072e-05,3.0,3.0
0.00933302262186616,0.004088980493366072,0.004955777308926684,5.216664424279571e-06,3.0,3.0
0.010309895396238593,0.000294310169207701,0.0027412824591830937,0.0,3.0,3.0
0.009900557973788167,0.0006246367122502487,0.0055695937888941725,0.0,3.0,3.0
0.010821214737239905,0.0003863664182039748,0.00549373644672425,0.0,1.125,1.125
0.009865678632483749,0.0003440587249998173,0.005865156914037537,0.0,0.0,0.0
0.006645747138338401,0.0004575801008833063,0.0046098467776605045,0.0,0.0,0.0
0.0035590554460053496,0.0007351523631271876,0.003069040967121422,0.0,0.0,0.0
0.002650094129425078,0.0009349484525235403,0.0026355453195755375,0.0,0.0,0.0
0.002582442325449385,0.0010880459954697083,0.0023586077375018677,0.0,0.0,0.0
0.0024809646194858446,0.0014792242924196175,0.0021478927935519197,0.0,1.25,1.25
0.0024809646194858446,0.0015324840110246497,0.0017898095895586663,0.0,2.0,2.0
0.002882537406248412,0.001696105612112532,0.0017164038331453609,0.0,2.0,2.0
0.004540690631421741,0.0015693863007362693,0.0020369564950136632,0.0,2.0,2.0
0.010046761581251649,0.0013161242120284476,0.0034219405948578336,0.0,2.0,2.0
0.012881825490389662,0.005979144216420758,0.004381528963195192,7.661489244016564e-06,2.0,2.0
0.01157153402755933,0.000771930601931704,0.0026109261313701547,3.064595697606626e-05,2.625,2.625
0.010110919391085441,0.0011666147892102341,0.004138934762869528,2.3295910384245484e-05,3.0,3.0
0.005375154732612686,0.0012308092433285227,0.0030907009137089263,0.00011380114511234359,3.0,3.0
0.005236418412868846,0.00036104729620029023,0.0022078615454943803,0.00016481545154201484,3.0,3.0
0.005089797981536238,0.0003011660345597433,0.0024913177038967485,0.00017850335610602005,3.0,3.0
0.005233519877513691,0.00021412388012947026,0.006045562187314885,0.0001650334613985519,3.0,3.0
0.005267126114572257,0.00018038673769439953,0.003420739763945881,0.00017484390494271944,3.625,3.625
0.005285167213404114,0.00014780387734940697,0.004481624598886358,0.00013102392377877106,4.0,4.0
0.006868129594970528,0.0009916307262134746,0.00586224878866247,9.981737002875237e-06,4.0,4.0
0.00933302262186616,0.002996500998317521,0.004997603873553591,0.0,4.0,4.0
0.010309895396238593,0.00026590873502266944,0.002627839430253637,0.0,4.0,4.0
0.009900557973788167,0.0005472327903831977,0.005790211034005107,0.0,4.0,4.0
0.010821214737239905,0.00038821404922769045,0.005393289838519057,0.0,4.0,4.0
0.009865678632483749,0.00037418991417025873,0.005606829053115094,0.0,4.0,4.0
0.006645747138338401,0.00044279104731330377,0.004351764256287069,0.0,4.0,4.0
0.0035590554460053496,0.00067742929309644,0.0030530969856578526,0.0,4.0,4.0
0.0027177459334007717,0.0008383781347686994,0.0025394994098155207,0.0,4.0,4.0
0.0027177459334007717,0.0009615021129522527,0.002233719362258982,0.0,4.0,4.0
0.0024809646194858446,0.001033034533701953,0.0020598140870039705,0.0,3.375,3.375
0.0024809646194858446,0.0010995544814847086,0.001918761525483595,0.0,3.0,3.0
0.002882537406248412,0.0011811320040281952,0.0017856924809778628,0.0,3.0,3.0
0.004371561121482508,0.0012490929738402966,0.0019913781316391968,0.0,3.0,3.0
0.008425840183298587,0.0011985941925977577,0.0024981328817930645,0.0,3.0,3.0
0.011116803771805298,0.005428330241721588,0.0036333110628213277,4.484774191619451e-06,3.0,3.0
0.014333017875325598,0.00045856432299161735,0.0028167634099839907,2.700207794537545e-05,3.625,3.625
0.01060496941128527,0.0006794466320134366,0.0057339791397731914,6.376788303708908e-05,4.0,4.0
0.005333252237670843,0.0007160162231906635,0.00338721119402203,0.00012135362942809163,4.0,4.0
0.005196811585862163,0.00024382160263692796,0.0019476358705286033,0.00010028453400704607,4.0,4.0
0.005009817945031723,0.0001866100601580645,0.0024167421765046953,0.0001784410675755809,4.0,4.0
0.00512866505817376,8.887131168297801e-05,0.005553811512031238,0.00018621156174786598,4.0,4.0
0.005167646230021874,2.2492687461312514e-05,0.003951889420311972,0.00017693057071243128,2.75,2.75
0.0052134664216823235,1.736616134669655e-05,0.0048731123030884595,0.00014832456310824747,2.0,2.0
0.006792102833504245,0.0004732947420432045,0.006450852210383982,7.692633509236143e-05,2.0,2.0
0.0089372380351858,0.0023214971540231766,0.005404148908397498,5.574823474304735e-06,2.0,2.0
0.010721271066979914,0.00012123253082226679,0.0028660316806837713,0.0,2.0,2.0
0.010142804134590254,0.000372414628814466,0.006631172257703254,0.0,2.0,2.0
0.010821214737239905,0.00019012621293029093,0.006254042052257308,0.0,0.75,0.75
0.010170111750374373,0.0001875356169823335,0.006454721466907911,0.0,0.0,0.0
0.007119309766168257,0.00022845555458788172,0.005269773847504158,0.0,0.0,0.0
0.0037958367599202777,0.00038717338403745336,0.0038428202556811094,0.0,0.0,0.0
0.0027177459334007717,0.0004864143564078228,0.0033730410770753966,0.0,0.0,0.0
0.0027177459334007717,0.0005709037619263394,0.002976578307034159,0.0,0.0,0.0
0.0024809646194858446,0.000664508045637292,0.0026563700101202023,0.0,0.0,0.0
0.0024809646194858446,0.0007510123208837616,0.0024361032603288407,0.0,0.0,0.0
0.002882537406248412,0.0008043413171507486,0.0022856811853672176,0.0,0.0,0.0
0.004371561121482508,0.0008405130134985837,0.0024785985675036927,0.0,0.0,0.0
0.008425840183298587,0.0008390748940292678,0.0030410660149218535,0.0,0.0,0.0
0.011116803771805298,0.00559651461534506,0.004262736144033323,7.988504028822148e-06,0.0,0.0
0.014250718132011892,0.00030608814763777986,0.003156307121734175,4.774415858161541e-05,0.625,0.625
0.010579357441707725,0.00047373151863917167,0.006614937921063639,9.516130237842524e-05,1.0,1.0
0.0053059253542826765,0.00045963528512867085,0.004205836722855047,0.0001473746630190503,1.0,1.0
0.005097957356470349,0.00010308646625494978,0.002420157862153551,0.00010881806267721086,1.0,1.0
0.004993693140663077,6.55773219703351e-05,0.0024739875509372485,3.819844129181429e-05,1.0,1.0
0.00512866505817376,2.1597242014071266e-05,0.005981171887876368,0.00015173486014979145,1.0,1.0
0.005139867137193282,4.827699460104417e-07,0.0038658593783521145,0.00016802331085963155,1.0,1.0
0.005207561455441258,4.355007428238926e-07,0.004831952217982988,0.00014883844348437055,1.0,1.0
0.006706463984783664,0.0002575213170111829,0.006782401577045544,7.921543858600053e-05,1.0,1.0
0.0089372380351858,0.0018015016867981818,0.005739041035477128,5.761689065622212e-06,1.0,1.0
0.010721271066979914,6.59905526146004e-05,0.002959052265590308,0.0,1.0,1.0
0.010142804134590254,0.00025664117718122195,0.007063965127881885,0.0,1.0,1.0
0.010821214737239905,0.00014591342613116473,0.006497179039996251,0.0,1.0,1.0
0.010170111750374373,0.00015536529931447465,0.0065591620192836115,0.0,1.0,1.0
0.007119309766168257,0.00019841263360218683,0.005340313042602456,0.0,1.0,1.0
0.0037958367599202777,0.0003156098378822626,0.0038808734118915738,0.0,1.0,1.0
0.002650094129425078,0.00040971355325708015,0.003404694604797128,0.0,1.0,1.0
0.002582442325449385,0.00047653135496369525,0.0030049539946263885,0.0,1.0,1.0
0.0024809646194858446,0.0005578255143584606,0.0026341421313959734,0.0,1.625,1.625
0.0024809646194858446,0.0006536734287954667,0.0024129023804884907,0.0,2.0,2.0
0.002882537406248412,0.0006913985448753891,0.0022403002406797263,0.0,2.0,2.0
0.004540690631421741,0.0006917203964813788,0.002664763987706027,0.0,2.0,2.0
0.010046761581251649,0.0005602383321841295,0.0043781790757727495,0.0,2.0,2.0
0.012878235225062038,0.0050280136465955085,0.005256909139637103,1.2753576607417816e-05,2.0,2.0
0.01146695167298706,0.0002474671276880788,0.003062179573084646,5.1014306429671266e-05,1.375,1.375
0.010069946114624044,0.0004760701029192506,0.005700944183916005,3.709281987651922e-05,1.0,1.0
0.0052873469382182115,0.00034672239015603144,0.0042825353405480035,0.00016719798783131269,1.0,1.0
0.005181312436652086,3.714813028541504e-05,0.002572407229477523,0.0001542731177651872,1.0,1.0
0.0050682982423780444,1.3546663798412465e-06,0.0025826313523118934,1.1943825711708747e-05,1.0,1.0
0.0052120201383554976,1.7670204278464985e-06,0.005669076960275783,0.0,1.0,1.0
0.005227911476690867,7.95051610954241e-07,0.0031516654012898482,0.0,1.0,1.0
0.005278386830425463,8.083913281859726e-07,0.003908251866237471,1.7892380368648438e-05,1.0,1.0
0.0067360421852569454,0.00021695019709646227,0.006586694559027602,7.156952147459375e-05,1.0,1.0
0.009321820542846637,0.0015818038549076884,0.005887410962141575,5.964126789549479e-06,1.0,1.0
0.010309895396238593,7.35646448166625e-05,0.0029227368048524607,0.0,1.0,1.0
0.009900557973788167,0.00023419064323248754,0.007050344322803497,0.0,1.0,1.0
0.010821214737239905,0.00012382298262381993,0.006603092251086677,0.0,0.375,0.375
0.009865678632483749,0.00012904223841955447,0.006806119457295775,0.0,0.0,0.0
0.006645747138338401,0.00018112271012868823,0.005503623844374111,0.0,0.0,0.0
0.0035590554460053496,0.00029338554373475065,0.004005280957992821,0.0,0.0,0.0
0.002650094129425078,0.0004168626361427327,0.0034044108371751427,0.0,0.0,0.0
0.002582442325449385,0.0005053989713120305,0.003037115944696667,0.0,0.0,0.0
0.0024809646194858446,0.0005761505543385523,0.002773295660436726,0.0,0.0,0.0
0.0024809646194858446,0.0006251812612741628,0.0025749253556718124,0.0,0.0,0.0
0.002882537406248412,0.0006837135114117147,0.002429174907941887,0.0,0.0,0.0
0.004540690631421741,0.0006786349815618586,0.0028656338747807754,0.0,0.0,0.0
0.010046761581251649,0.0004984475362091825,0.0045982194520992,0.0,0.0,0.0
0.012881825490389662,0.005182481445936934,0.005526048289723696,8.175369620139626e-06,0.0,0.0
0.011542881340415999,0.00023388316938432,0.003179833752951595,5.409758868640964e-05,0.0,0.0
0.010115474203417534,0.0004419483341468226,0.0062210482799317,0.00010900492826852834,0.0,0.0
0.00536440486303359,0.00034123759308044943,0.00406743411530464,8.991349368892609e-05,0.0,0.0
0.0052304356246166885,8.244034869661068e-05,0.002517338401131769,3.42275474763179e-05,0.0,0.0
0.005089797981536238,3.4162049255983565e-05,0.0028848135095878914,0.00013879441795105614,0.0,0.0
0.005233519877513691,1.5146591442110439e-06,0.006768881835012269,0.00015846202143722063,0.0,0.0
0.005244721956533213,1.4827201349092407e-06,0.00412319716155293,0.0001660923664160176,0.625,0.625
0.0053236183538007105,8.555959503912428e-07,0.005398441591931073,0.00015086282072364321,1.0,1.0
0.0068291567199575635,0.0002164587213284336,0.007263268632972844,8.360677998196125e-05,1.0,1.0
0.00933302262186616,0.0026152797007491036,0.006223809346536905,6.119848115647377e-06,1.0,1.0
0.010309895396238593,8.070007998633396e-05,0.003089271432340144,0.0,1.0,1.0
0.009900557973788167,0.0002795268241679227,0.007159576893860549,0.0,1.0,1.0
0.010821214737239905,0.00016020471260471926,0.006657543202517907,0.0,0.375,0.375
0.009865678632483749,0.00016381050814480888,0.006894446944482739,0.0,0.0,0.0
0.006645747138338401,0.0002128354264522096,0.005545090463814638,0.0,0.0,0.0
0.0035590554460053496,0.0003407166526546361,0.004038649157396186,0.0,0.0,0.0
0.002650094129425078,0.0004526577614663516,0.0034352753416217845,0.0,0.0,0.0
0.002582442325449385,0.0005398495589922769,0.003059952818720467,0.0,0.0,0.0
0.0024809646194858446,0.0006552599909423094,0.0026810079130318437,0.0,0.625,0.625
0.0024809646194858446,0.0007347070748073925,0.0024206846419168445,0.0,1.0,1.0
0.002882537406248412,0.0007870311085358541,0.0022420309588882387,0.0,1.0,1.0
0.004540690631421741,0.0007845727401274433,0.0026655851592941346,0.0,1.0,1.0
0.010046761581251649,0.0006617122498749041,0.004315082057814147,0.0,1.0,1.0
0.012881825490389662,0.005581565351980771,0.00527310812762354,8.782682791921427e-06,1.0,1.0
0.011523782190542125,0.00027263899420914406,0.0029611601738391766,3.513073116768571e-05,1.0,1.0
0.010093656701802673,0.0006083254834065534,0.005367862187561126,2.4790835114785303e-05,1.0,1.0
0.005342452914434971,0.000539006200548964,0.00379658722013413,0.0001233312902695349,1.0,1.0
0.005202812175810279,9.891480907636089e-05,0.0025397953653273917,0.00017957783325609554,1.0,1.0
0.005079048111957141,2.6006523943036524e-05,0.0028680985398146903,0.00012706860209588447,1.0,1.0
0.0052120201383554976,7.730662522086221e-06,0.005828722240549975,9.592433687630493e-06,1.0,1.0
0.0052332085894693245,3.026970423610627e-05,0.0030913641798790727,0.0,2.25,2.25
0.005301611110921965,5.953935812245564e-05,0.003852541678098395,0.0,3.0,3.0
0.006859294007993625,0.0004370508144113615,0.0056398359361751705,0.0,3.0,3.0
0.009321820542846637,0.00213173664365939,0.005280355188879922,0.0,3.0,3.0
0.010309895396238593,0.00013717497371950807,0.002689869733305778,0.0,3.0,3.0
0.009900557973788167,0.00035226955725493577,0.006392211188193045,0.0,3.0,3.0
0.010821214737239905,0.00020991442999887576,0.005959066891133161,0.0,2.375,2.375
0.009865678632483749,0.0002106834649854227,0.006197894302563344,0.0,2.0,2.0
0.006645747138338401,0.0002581863058337852,0.00488995841811076,0.0,2.0,2.0
0.0035590554460053496,0.0004115161517988742,0.003441695960504517,0.0,2.0,2.0
0.002650094129425078,0.0005650045725823006,0.002907534469837454,0.0,2.0,2.0
0.002582442325449385,0.0006608612400357023,0.0025482964736700184,0.0,2.0,2.0
0.0024809646194858446,0.0006789293048256298,0.0024442843087498175,0.0,0.75,0.75
0.0024809646194858446,0.0007050316805109955,0.002365346522852886,0.0,0.0,0.0
0.002882537406248412,0.0007470497916462637,0.0022250513810856067,0.0,0.0,0.0
0.004540690631421741,0.000738807142526982,0.0026747476507188454,0.0,0.0,0.0
0.010046761581251649,0.0005560315013461644,0.004392243497767344,0.0,0.0,0.0
0.012881825490389662,0.005081702447130736,0.0053059975190495766,5.5592513416949455e-06,0.0,0.0
0.011569566273099855,0.0002730033199385819,0.003036730576924044,4.6015651861928747e-05,0.625,0.625
0.010123215630249703,0.0005142206087230644,0.005730961039227292,0.00011060885792733668,1.0,1.0
0.005440290805693139,0.0004170677151334682,0.003533734892488568,9.836916169604192e-05,1.0,1.0
0.005214014254829802,7.15263630413449e-05,0.002329389243817599,0.00018398474678466605,1.0,1.0
0.00510100006055576,1.7018221119685684e-05,0.0029086124264009116,0.000174952909870988,1.0,1.0
0.005315952737118615,5.199812987697558e-07,0.005319375782536646,0.00012325342960648597,1.0,1.0
0.005294452997960424,4.451729122473849e-07,0.004652222336219718,0.00016545390897901625,1.0,1.0
0.0053513196246182115,5.661045654412411e-07,0.005146688040006953,0.00012105775890850562,1.0,1.0
0.006821415293125396,0.00014586864836688615,0.00802295674447424,8.452553580593882e-05,1.0,1.0
0.00933302262186616,0.0009129157973885473,0.006695152104102319,6.415718635233382e-06,1.0,1.0
0.010309895396238593,1.3523768515523747e-05,0.003150422879045531,0.0,1.0,1.0
0.009900557973788167,0.000148000019155168,0.007646516161982799,0.0,1.0,1.0
0.010821214737239905,6.224100840817649e-05,0.007148419410946046,0.0,0.375,0.375
0.009865678632483749,7.482785124881815e-05,0.007285158092055642,0.0,0.0,0.0
0.006645747138338401,0.00012799429669551802,0.006096893713376775,0.0,0.0,0.0
0.0035590554460053496,0.0002038174206182009,0.004574728123784239,0.0,0.0,0.0
0.002650094129425078,0.00030153778349899067,0.0038893426941507742,0.0,0.0,0.0
0.002582442325449385,0.0003768120558349265,0.0034763319774488346,0.0,0.0,0.0
0.0024809646194858446,0.000451430514085968,0.003055894681558416,0.0,0.625,0.625
0.0024809646194858446,0.0005184671420103488,0.0027721567148399286,0.0,1.0,1.0
0.002882537406248412,0.0005469957352726731,0.0025851528167474386,0.0,1.0,1.0
0.004540690631421741,0.0005408096657541201,0.003031043928349081,0.0,1.0,1.0
0.010046761581251649,0.0003637250990442054,0.004918202307882515,0.0,1.0,1.0
0.012878235225062038,0.004490041221737128,0.005749255745808943,9.436712361532597e-06,1.0,1.0
0.011484878840705105,0.0001991744085354658,0.0032521463083360386,5.517206583648513e-05,1.0,1.0
0.010060523871222958,0.0003409372214286544,0.006288009332448704,9.555060569366997e-05,1.0,1.0
0.0053092988868168305,0.00022138745442545283,0.004315788812102155,0.0001233468624021447,1.0,1.0
0.005186687371441635,1.8795685348276572e-05,0.0024604078625619463,0.00011445517468195476,1.0,1.0
0.0050682982423780444,1.035297581175943e-05,0.0024751815942961265,8.907259852799746e-06,1.0,1.0
0.0052120201383554976,1.2901503627468329e-06,0.005235232910630996,3.405625401761021e-05,1.0,1.0
0.005217395073145046,5.644400954699077e-07,0.00425402735057777,0.00013622501607044084,1.0,1.0
0.0052925195301808245,6.211839849132369e-07,0.004640017612973761,3.101968815870121e-05,1.0,1.0
0.0067473220862875605,0.00013667561818431445,0.007969679762769737,7.867041394465789e-05,1.0,1.0
0.009321820542846637,0.0008138020644155167,0.0067761841641977745,6.55586782872149e-06,1.0,1.0
0.010309895396238593,1.948957803809192e-06,0.0031508625544980347,0.0,1.0,1.0
0.009900557973788167,0.00011384889227583598,0.007798976897002941,0.0,1.0,1.0
0.010821214737239905,4.5815768146870046e-05,0.00717965106866417,0.0,1.0,1.0
0.009865678632483749,6.472233623652046e-05,0.0072754496327609094,0.0,1.0,1.0
0.006645747138338401,0.0001144163333055882,0.006073562599161343,0.0,1.0,1.0
0.0035590554460053496,0.0001763463753899711,0.004532737798065949,0.0,1.0,1.0
0.0027177459334007717,0.00025940551454901005,0.003860918792035806,0.0,1.0,1.0
0.0027177459334007717,0.00032020886639030883,0.0034670461491956802,0.0,1.0,1.0
0.0024809646194858446,0.00038966938078466556,0.0031341979854274506,0.0,1.0,1.0
0.0024809646194858446,0.0004127801527019749,0.0028642991535061326,0.0,1.0,1.0
0.002882537406248412,0.00044748915287566707,0.002696187462543009,0.0,1.0,1.0
0.004371561121482508,0.000483319656793712,0.002891750916686862,0.0,1.0,1.0
0.008425840183298587,0.0003973246420646046,0.0036675402621553005,0.0,1.0,1.0
0.011116803771805298,0.004413431627783946,0.00476107812333643,0.0,1.0,1.0
0.014363709544966985,0.00019909574850584944,0.003407618661990416,0.0,1.0,1.0
0.01067096103475742,0.00035800690263254045,0.006847514223977316,0.0,1.0,1.0
0.005391820196767495,0.0003357970758558488,0.0034977323040085782,0.0,1.0,1.0
0.005221483216894308,0.00014242401892762088,0.0022486518059373238,0.0,1.0,1.0
0.005096962000416287,0.00013893532550180528,0.0022166723271176735,0.0,1.0,1.0
0.005230691179439526,0.00013163091398599037,0.005478850749052507,0.0,1.0,1.0
0.005270760037020074,0.00014977079326072262,0.002810239010530707,0.0,1.625,1.625
0.005284542888938082,0.0001600655611644108,0.003690190745364442,0.0,2.0,2.0
0.006841738008997322,0.0005788716522047336,0.004384818236067277,0.0,2.0,2.0
0.0089372380351858,0.002373573935041636,0.0043324923169214555,0.0,2.0,2.0
0.010721271066979914,0.00016925310177773553,0.002384013752122154,0.0,2.0,2.0
0.010142804134590254,0.00033374578965795554,0.005848733348792254,0.0,2.0,2.0
0.010821214737239905,0.00019963130684403152,0.005586448706326112,0.0,1.375,1.375
0.010170111750374373,0.00018652740954367526,0.005842327268808035,0.0,1.0,1.0
0.007119309766168257,0.00021564417211912518,0.0047351211526121964,0.0,1.0,1.0
0.0037958367599202777,0.00031282297634791553,0.003351017327352511,0.0,1.0,1.0
0.0027177459334007717,0.00039803079823310473,0.002967871093119248,0.0,1.0,1.0
0.0027177459334007717,0.0004580140306731926,0.002641703330604527,0.0,1.0,1.0
0.0024809646194858446,0.0005347171123448963,0.0024349400607783416,0.0,1.0,1.0
0.0024809646194858446,0.0005765216560765994,0.0022658870417162245,0.0,1.0,1.0
0.002882537406248412,0.0006256037762211351,0.002171486715741235,0.0,1.0,1.0
0.004371561121482508,0.000649245060737773,0.0023771557011820045,0.0,1.0,1.0
0.008425840183298587,0.0005610354168669166,0.0030512399888442242,0.0,1.0,1.0
0.011113213506477678,0.004695704598120814,0.0042564950595186364,9.530145157191334e-06,1.0,1.0
0.014184974205468829,0.0002238904435607745,0.0032141189937035693,5.526549863214387e-05,1.0,1.0
0.01052379925605054,0.0003413773646862352,0.006924190364560188,7.175638706591122e-05,1.0,1.0
0.005282567957494955,0.00028439432077525156,0.003485840656337973,5.7149726677928436e-06,1.0,1.0
0.00508705184286907,0.00010829239224750879,0.002205223596872942,2.901088305203833e-05,1.0,1.0
0.004988318205873529,5.2672588402740695e-05,0.0025312587884509124,0.00014725008595817198,1.0,1.0
0.005107165319015567,2.124010065347446e-05,0.005900950766152651,0.00013449650935075418,1.0,1.0
0.005112462431794024,5.503367503828579e-07,0.003320722917539086,4.15153055376995e-05,1.0,1.0
0.0051257364492989415,5.132771784530288e-07,0.004595854039087836,0.00014500769886236227,1.0,1.0
0.0066324485999569175,0.00018981076470612872,0.006901621349366461,9.259190049780994e-05,1.0,1.0
0.0089372380351858,0.0015667399751249755,0.005812805021270572,6.851738348307496e-06,1.0,1.0
0.010721271066979914,4.113709963532142e-05,0.0028864712212548853,0.0,1.0,1.0
0.010142804134590254,0.00020225195071666726,0.007191431413439434,0.0,1.0,1.0
0.010821214737239905,0.00011627299352998216,0.006516604018601521,0.0,1.625,1.625
0.010170111750374373,0.00013558132994084904,0.006497951934570101,0.0,2.0,2.0
0.007119309766168257,0.00018094978519550816,0.005296491733470947,0.0,2.0,2.0
0.0037958367599202777,0.00027507546380234186,0.003817849329109314,0.0,2.0,2.0
0.002650094129425078,0.0003792798498464092,0.003303184566822454,0.0,2.0,2.0
0.002582442325449385,0.00047991385906249784,0.0028736092888986885,0.0,2.0,2.0
0.0024809646194858446,0.000508692231932164,0.0027398309180857294,0.0,0.75,0.75
0.0024809646194858446,0.0005486899071880482,0.002643204219190343,0.0,0.0,0.0
0.002882537406248412,0.0006111643700341846,0.0024948421625095767,0.0,0.0,0.0
0.004540690631421741,0.0006090570682932481,0.0029338327590905534,0.0,0.0,0.0
0.010046761581251649,0.0004554033843883312,0.004707310364859895,0.0,0.0,0.0
0.012878235225062038,0.005021398565007704,0.005614703989040719,8.502384404945212e-06,0.0,0.0
0.011512580111522605,0.00022506253326357628,0.00318591755106987,3.4009537619780846e-05,0.0,0.0
0.010114436668245463,0.0004527093099269581,0.005756101237551864,2.834128134981737e-06,0.0,0.0
0.005363529446296005,0.0003858046025689061,0.0034862938539558792,2.2891034936390954e-05,0.0,0.0
0.005202812175810279,8.454283143464148e-05,0.002390470545303367,0.00012758248247200755,0.0,0.0
0.005073673177167593,1.3541118725216452e-05,0.0030399020039003823,0.0001790328086147529,0.0,0.0
0.005233519877513691,7.917933123686791e-07,0.005999131834686015,0.00015023993541925162,0.0,0.0
0.005233519877513691,1.0514652626401007e-06,0.004475516980178448,0.00012477949860224537,0.625,0.625
0.005315743810677323,8.458979607537975e-07,0.004679021218000149,9.639150085459864e-06,1.0,1.0
0.006861738322047335,0.0001562495063206678,0.007267485260203367,0.0,1.0,1.0
0.009321820542846637,0.0013341824764655584,0.006355722592242885,0.0,1.0,1.0
0.010309895396238593,3.424462682758919e-05,0.002999261160610124,0.0,1.0,1.0
0.009900557973788167,0.00016364871513748462,0.007471439205840272,0.0,1.0,1.0
0.010821214737239905,7.593808012644311e-05,0.006976618913071098,0.0,0.375,0.375
0.009865678632483749,8.337357112688934e-05,0.007163609285610945,0.0,0.0,0.0
0.006645747138338401,0.00012902518752996582,0.0059474033209567755,0.0,0.0,0.0
0.0035590554460053496,0.00019118040543266376,0.004462453704746366,0.0,0.0,0.0
0.002650094129425078,0.0002788136634378032,0.003802626371478899,0.0,0.0,0.0
0.002582442325449385,0.0003471742997945281,0.003408938765500261,0.0,0.0,0.0
0.0024809646194858446,0.00041523492108712324,0.003008866440309689,0.0,0.625,0.625
0.0024809646194858446,0.00046688261481638325,0.002737698210779244,0.0,1.0,1.0
0.002882537406248412,0.0005141004669460928,0.002581401117948274,0.0,1.0,1.0
0.004540690631421741,0.0005190580707126417,0.0030222110038140336,0.0,1.0,1.0
0.010046761581251649,0.00036844622101122893,0.004868747993235187,0.0,1.0,1.0
0.012878235225062038,0.004657656637022363,0.005719462483691618,7.614772846187194e-06,1.0,1.0
0.011496080919724623,0.00020199354048339082,0.003231496110373267,4.381998116394839e-05,1.0,1.0
0.01007649303156942,0.00035958408299166365,0.006130193565156188,7.322016753123146e-05,1.0,1.0
0.005325875900625901,0.0002793943918638256,0.004004599255518336,0.00010680925757054799,1.0,1.0
0.005202812175810279,3.9193854844000656e-05,0.0025039997018388477,0.0001617321692852765,1.0,1.0
0.005084423046746688,7.011147416729183e-06,0.002855558650835805,0.00010064269305707124,1.0,1.0
0.005217317251133955,1.0099293386858e-06,0.005453510837595984,3.287277193926619e-05,1.0,1.0
0.0052281449427241415,1.1345553302834762e-06,0.004084389720259879,0.0001292642727938648,1.625,1.625
0.005252465395226399,6.199907616109235e-07,0.005044689349107984,0.00011890880460835463,2.0,2.0
0.006846333290394092,0.00014778751540148394,0.007642294641520479,9.203130372385749e-06,2.0,2.0
0.009321820542846637,0.0009609762970444832,0.006576245531040988,0.0,2.0,2.0
0.010309895396238593,1.639398682401114e-05,0.0030440627582055744,0.0,2.0,2.0
0.009900557973788167,0.00013588761013285042,0.007613461262764518,0.0,2.0,2.0
0.010821214737239905,5.571920941238281e-05,0.007080349495898018,0.0,1.375,1.375
0.009865678632483749,6.200841978013393e-05,0.007206375794830735,0.0,1.0,1.0
0.006645747138338401,0.00011003414450608781,0.006068293585834236,0.0,1.0,1.0
0.0035590554460053496,0.00018261622074518017,0.004554523258880857,0.0,1.0,1.0
0.002650094129425078,0.00024859182018407885,0.003870488046736989,0.0,1.0,1.0
0.002582442325449385,0.0003215231280647717,0.0034405984607589622,0.0,1.0,1.0
0.0024809646194858446,0.00037811199901095657,0.003100166881837991,0.0,1.0,1.0
0.0024809646194858446,0.00045806322363714177,0.0028800439444158347,0.0,1.0,1.0
0.002882537406248412,0.00046446615110270085,0.0026889801476215496,0.0,1.0,1.0
0.004540690631421741,0.00045025994205708566,0.0031405462893047036,0.0,1.0,1.0
0.010046761581251649,0.0003132982290816719,0.005063816657037437,0.0,1.0,1.0
0.012860755413320124,0.004481069177735931,0.005906541544345905,1.181924865083043e-05,1.0,1.0
0.011337300280492036,0.00016555519289419192,0.003307244889469115,4.727699460332172e-05,1.0,1.0
0.010140591569477803,0.0003362696477183752,0.006041188362503353,3.9397495502768105e-06,1.0,1.0
0.0054479332134757886,0.0003356945537735386,0.003409754695977858,0.0,1.0,1.0
0.005302393983022336,0.00011695839047422117,0.0022279365850035324,0.0,1.0,1.0
0.005150774915991826,0.00010069711346833321,0.0022071767368225274,0.0,1.0,1.0
0.005306946783493407,8.954036809929735e-05,0.005271511255432814,0.0,1.0,1.0
0.0053516708031481,0.00010123680578072887,0.00291837885704345,0.0,1.625,1.625
0.005373428547931551,0.00011187464793878563,0.0037290342759616476,0.0,2.0,2.0
0.00692149946033824,0.0004407526641323427,0.005098753601356321,0.0,2.0,2.0
0.00933302262186616,0.0018662634057731585,0.005039329088652551,0.0,2.0,2.0
0.010309895396238593,0.00013903870452235728,0.002510484800282417,0.0,2.0,2.0
0.009900557973788167,0.00029656554220146693,0.00636817539032663,0.0,2.0,2.0
0.010821214737239905,0.0001536266796288681,0.006043356168495854,0.0,1.375,1.375
0.009865678632483749,0.0001403956665065385,0.0062751974740479265,0.0,1.0,1.0
0.006645747138338401,0.00017659445467080735,0.005119251838893203,0.0,1.0,1.0
0.0035590554460053496,0.00025737635314854645,0.0037094468922581093,0.0,1.0,1.0
0.002650094129425078,0.0003679976809533992,0.0031244716893601286,0.0,1.0,1.0
0.002582442325449385,0.00047369327614935037,0.002765876969156423,0.0,1.0,1.0
0.0024809646194858446,0.0005863391593947329,0.0026131315179969907,0.0,0.375,0.375
0.0024809646194858446,0.000696620060070774,0.0024422204737099035,0.0,0.0,0.0
0.002882537406248412,0.0008216737428933614,0.002262417308775447,0.0,0.0,0.0
0.004540690631421741,0.0008601248401482565,0.0026759642594301617,0.0,0.0,0.0
0.010046761581251649,0.0007914050672782024,0.00425440152982489,0.0,0.0,0.0
0.012865453654897038,0.0056016490626377225,0.005275313158423007,1.4248501337957632e-05,0.0,0.0
0.011387561353370764,0.0003504209189354339,0.0029333284766318466,5.699400535183053e-05,0.625,0.625
0.01010376462067746,0.0006515138103937633,0.005088197572288392,4.7495004459858776e-06,1.0,1.0
0.005313876226879885,0.0006458116221247086,0.00325119148817759,3.3215358856681566e-05,1.0,1.0
0.00514770619959352,0.00013318152450474507,0.002500023138386897,0.00013286143542672626,1.0,1.0
0.0050682982423780444,8.253161782083238e-05,0.002459650926595096,1.1071786285560522e-05,1.0,1.0
0.005217317251133955,8.380251495803503e-05,0.006119829126838748,0.0,1.0,1.0
0.0052332085894693245,0.00011716910767843858,0.0029198490723754346,0.0,1.625,1.625
0.005240387899469292,0.00013734615889268102,0.00420337542588004,2.1956706979803565e-05,2.0,2.0
0.006645493511390518,0.0005028320907194433,0.005392342502223046,8.782682791921426e-05,2.0,2.0
0.009318230277519017,0.003158662498876497,0.004963534824509417,7.318902326601188e-06,2.0,2.0
0.010309895396238593,0.00016860773318187885,0.0026192403014014356,0.0,2.0,2.0
0.009900557973788167,0.00038784604631686507,0.005879063129714569,0.0,2.0,2.0
0.010821214737239905,0.0002679366238961896,0.005480596311346505,0.0,2.0,2.0
0.009865678632483749,0.0002724081530962611,0.005758363285601541,0.0,2.0,2.0
0.006645747138338401,0.00033109088505642206,0.004460978738669944,0.0,2.0,2.0
0.0035590554460053496,0.0005700014699051052,0.002918400180225299,0.0,2.0,2.0
0.002650094129425078,0.0007754074871943402,0.002454799115863448,0.0,2.0,2.0
0.002582442325449385,0.0009625013688768384,0.0022142305378395244,0.0,2.0,2.0
0.0024809646194858446,0.0009945660370977987,0.00204642492625259,0.0,1.375,1.375
0.0024809646194858446,0.0010604281972566541,0.0019247397705455995,0.0,1.0,1.0
0.002882537406248412,0.0011779394567803252,0.0018189531314731218,0.0,1.0,1.0
0.004540690631421741,0.0011134819739087286,0.002234035319438903,0.0,1.0,1.0
0.010046761581251649,0.0009536553835923879,0.003737136242279653,0.0,1.0,1.0
0.012872634185552278,0.00573613765171643,0.004759207341907163,1.1305368274707368e-05,1.0,1.0
0.011427970501138942,0.0004209028622902795,0.002766901144983691,4.522147309882947e-05,1.0,1.0
0.010109139555467007,0.000753201105940059,0.004732765959488636,3.7684560915691228e-06,1.0,1.0
0.005324470452436799,0.0008537233062541385,0.002898457983043072,0.0,1.0,1.0
0.005191906662209,0.0002558912780283883,0.0022362898883872334,3.172043412614175e-05,1.0,1.0
0.005034692005319477,0.00015662125213012338,0.0024332981601506713,0.00016089127412434784,1.0,1.0
0.00517841390129693,2.8490439025737537e-05,0.006101967025520861,0.00014661162852117063,1.0,1.0
0.005227911476690867,1.529363373904901e-05,0.002995429006335885,1.1336512539926948e-05,1.625,1.625
0.005262339848067911,3.88419513105246e-05,0.0038515244078137795,2.228372176460915e-05,2.0,2.0
0.006702965979649896,0.0003755778073802382,0.005930703775566705,8.91348870584366e-05,2.0,2.0
0.009318230277519017,0.0021731439143990697,0.0053324740400464395,7.427907254869716e-06,2.0,2.0
0.010309895396238593,0.00011565013632930821,0.0026865690616268627,0.0,2.0,2.0
0.009900557973788167,0.00033240736656110857,0.006414465351812582,0.0,2.0,2.0
0.010821214737239905,0.00018495178380781811,0.005933366793908737,0.0,1.375,1.375
0.009865678632483749,0.00018690708831151274,0.006202280195534016,0.0,1.0,1.0
0.006645747138338401,0.00023467672331700697,0.004904675648196108,0.0,1.0,1.0
0.0035590554460053496,0.00038518858552685325,0.003432698638385299,0.0,1.0,1.0
0.0027177459334007717,0.0005194527266462641,0.002890543849212824,0.0,1.0,1.0
0.0027177459334007717,0.0006279661154655453,0.0025667764164107086,0.0,1.0,1.0
0.0024809646194858446,0.0007542117435560842,0.0023130888513058783,0.0,1.0,1.0
0.0024809646194858446,0.0008474974678094532,0.0021268110151004076,0.0,1.0,1.0
0.002882537406248412,0.0008951657185352066,0.0019966522429305153,0.0,1.0,1.0
0.004371561121482508,0.0009204613251798159,0.002207657406703708,0.0,1.0,1.0
0.008425840183298587,0.0008758456415561536,0.0027836540960088528,0.0,1.0,1.0
0.011109623241150059,0.005278178429793484,0.004029645064775174,1.181924865083043e-05,1.0,1.0
0.01417784063209927,0.0003037990252566638,0.003074606677242322,7.95580255034159e-05,1.625,1.625
0.010507907917715172,0.0004233402455695106,0.006954934973952037,0.00016861505189880356,2.0,2.0
0.005245444443276369,0.00031100771036318985,0.004361712946837243,0.00018244310565629688,2.0,2.0
0.005087207486891253,6.242725133672822e-05,0.002354888494897294,0.00012976258103737808,2.0,2.0
0.004988318205873529,2.759159429346953e-05,0.002384144789443471,9.826015676777341e-06,2.0,2.0
0.005107165319015567,1.4738582792166004e-05,0.00541120023308304,0.0,2.0,2.0
0.005107165319015567,1.4503011381095492e-05,0.0030486115505459696,3.181386692180049e-05,2.0,2.0
0.005147688397897559,5.435442527263449e-07,0.0042125324850946074,0.00014986620423661668,2.0,2.0
0.00666022769278551,0.00022874788974710776,0.0063341639946772514,0.00010104756850492578,2.0,2.0
0.00893364776985818,0.0016674916431945886,0.00545192177013745,7.5369121831382456e-06,2.0,2.0
0.010721271066979914,7.49497154372026e-05,0.002770283598011181,0.0,2.0,2.0
0.010142804134590254,0.00027325504254265774,0.006830104296799042,0.0,2.0,2.0
0.010821214737239905,0.00015762077075804682,0.006171721206672118,0.0,2.625,2.625
0.010170111750374373,0.00017780290989042607,0.0061735550350545485,0.0,3.0,3.0
0.007119309766168257,0.00022393251909562394,0.004969067365937915,0.0,3.0,3.0
0.0037958367599202777,0.0003540867816011218,0.003519673238672967,0.0,3.0,3.0
0.0027177459334007717,0.00046580943314187303,0.0030443721963212384,0.0,3.0,3.0
0.0027177459334007717,0.0005769530576708333,0.002659364723877375,0.0,3.0,3.0
0.0024809646194858446,0.0005732326023739753,0.002575695011478163,0.0,1.125,1.125
0.0024809646194858446,0.0005916635160347278,0.002523555681382923,0.0,0.0,0.0
0.002882537406248412,0.0006477458269330209,0.0023758275481945666,0.0,0.0,0.0
0.004371561121482508,0.0006976091363907398,0.002564697368757201,0.0,0.0,0.0
0.008425840183298587,0.0006739219520774014,0.0031792739903381538,0.0,0.0,0.0
0.011100431936312674,0.0052580102953176285,0.004448230207755402,1.382805375749331e-05,0.0,0.0
0.014056494795129633,0.00021822477956391398,0.003365298779634607,5.531221502997324e-05,0.0,0.0
0.010564187206780293,0.00035524668891689736,0.006785374312040668,4.609351252497769e-06,0.0,0.0
0.005290231562316032,0.0003375537031835785,0.0035295654508888056,0.0,0.0,0.0
0.005097646068425984,0.00012259848502369256,0.0022703318188884783,0.0,0.0,0.0
0.005007152384641375,9.196324993542011e-05,0.002238716109597725,0.0,0.0,0.0
0.0051177595445724795,6.120119169212222e-05,0.00567475335838564,3.4616850791562644e-05,0.0,0.0
0.005068184147167452,1.3484472652500277e-05,0.003282473920423284,0.00013846740316625058,1.25,1.25
0.005127791653297195,8.996791544525965e-07,0.003919518606216584,3.447670159807453e-05,2.0,2.0
0.006520322364921206,0.0002061130560511237,0.006121349439934642,9.175100533688128e-05,2.0,2.0
0.008917070756049108,0.0017475304324845156,0.005338789755490925,7.645917111406775e-06,2.0,2.0
0.010721271066979914,6.75902019746139e-05,0.002665496660002163,0.0,2.0,2.0
0.010142804134590254,0.00023124782411746298,0.0067284055927284555,0.0,2.0,2.0
0.010821214737239905,0.00010661438121108195,0.006328220973564396,0.0,0.75,0.75
0.010170111750374373,0.00010276619911027442,0.006494800825949235,0.0,0.0,0.0
0.007119309766168257,0.0001422170184115174,0.005429395866934249,0.0,0.0,0.0
0.0037958367599202777,0.0002077941992051298,0.004005261505625491,0.0,0.0,0.0
0.002650094129425078,0.00029039309266988957,0.0035360082561154828,0.0,0.0,0.0
0.002582442325449385,0.0003471375232902442,0.0031522130332916954,0.0,0.0,0.0
0.0024809646194858446,0.00040029429150970536,0.002795651022874516,0.0,0.625,0.625
0.0024809646194858446,0.00044477455645277795,0.002552266434127236,0.0,1.0,1.0
0.002882537406248412,0.00048825486058321393,0.002426590943346667,0.0,1.0,1.0
0.004540690631421741,0.0004865769739736116,0.002921453825938101,0.0,1.0,1.0
0.010046761581251649,0.0003062302671279605,0.004877774469466179,0.0,1.0,1.0
0.012881825490389662,0.003926969033333984,0.005633036224123889,0.0,1.0,1.0
0.011661169866149549,0.00019482513500989864,0.0031165617882408137,0.0,1.0,1.0
0.010256244709201221,0.000392940588898014,0.005510540841978612,0.0,1.0,1.0
0.0054793074054754936,0.000424889347190114,0.003034073741701985,0.0,1.0,1.0
0.005363242807045672,0.00015030525786787938,0.0021197765725804647,0.0,1.0,1.0
0.0052223858292908985,0.00015376333997556496,0.002087002382349954,0.0,1.0,1.0
0.005375614856360003,0.0001492929559994247,0.0049902063013776326,0.0,1.0,1.0
0.0054041362496349615,0.00016534181447578527,0.0027737530975070214,0.0,1.625,1.625
0.005410255496731894,0.0001713897534147641,0.0035210990834768446,0.0,2.0,2.0
0.00696190860810642,0.0005583759366953977,0.004644469872272859,0.0,2.0,2.0
0.00933302262186616,0.0019297600363515066,0.004695788381392847,0.0,2.0,2.0
0.010309895396238593,0.00016533519273640397,0.0024120992693234607,0.0,2.0,2.0
0.009900557973788167,0.0003194125173688463,0.00595836478639828,0.0,2.0,2.0
0.010821214737239905,0.0001913886864196219,0.005694975617085492,0.0,1.375,1.375
0.009865678632483749,0.00017545154725976411,0.005996940292662959,0.0,1.0,1.0
0.006645747138338401,0.00020873778451962062,0.004798028708703818,0.0,1.0,1.0
0.0035590554460053496,0.00030113716498712275,0.0034233868852445236,0.0,1.0,1.0
0.002650094129425078,0.00039555875260303296,0.002901659115086064,0.0,1.0,1.0
0.002582442325449385,0.00045924302690076354,0.002599362040195047,0.0,1.0,1.0
0.0024809646194858446,0.000562234078580968,0.0023282949452885083,0.0,1.625,1.625
0.0024809646194858446,0.0006642457982299091,0.002152609536616602,0.0,2.0,2.0
0.002882537406248412,0.0007163088431280319,0.0020309516119479724,0.0,2.0,2.0
0.004540690631421741,0.00070616931976158,0.0024793625320242534,0.0,2.0,2.0
0.010046761581251649,0.0005054217347337488,0.004243990615398789,0.0,2.0,2.0
0.012881825490389662,0.004683797112987327,0.005096386123591349,0.0,2.0,2.0
0.011661169866149549,0.00025852008270964565,0.002990800607414331,0.0,0.75,0.75
0.010242598316127987,0.0005194694311426225,0.005244649056822628,0.0,0.0,0.0
0.0054793074054754936,0.000642078823786892,0.0030373983793087903,0.0,0.0,0.0
0.005357945694267216,0.0001977752094355474,0.0022939083526952015,0.0,0.0,0.0
0.005211635959711802,0.0002002124862429325,0.0022745468515137624,0.0,0.0,0.0
0.005373170542306294,0.00021840437270950907,0.00566595229882801,0.0,0.0,0.0
0.005398839136856504,0.00023258037039704347,0.002767893398062635,0.0,0.625,0.625
0.005410255496731894,0.0002525298163794618,0.00391299098034663,0.0,1.0,1.0
0.00696190860810642,0.0008610839839607884,0.004188969219575613,0.0,1.0,1.0
0.00933302262186616,0.002796160197722294,0.004272784814861225,0.0,1.0,1.0
0.010309895396238593,0.0002321152271658707,0.002385580670855751,0.0,1.0,1.0
0.009900557973788167,0.00039102161024286635,0.005461644276141212,0.0,1.0,1.0
0.010821214737239905,0.0002394188193287095,0.00530123506846729,0.0,0.375,0.375
0.009865678632483749,0.00021990251293872682,0.005704950427063829,0.0,0.0,0.0
0.006645747138338401,0.0002561643813101716,0.004476957436318537,0.0,0.0,0.0
0.0035590554460053496,0.00039332566736483595,0.0031007703991514355,0.0,0.0,0.0
0.002650094129425078,0.0005183383183506926,0.002660070214804615,0.0,0.0,0.0
0.002582442325449385,0.0005955704992974543,0.002426066876299766,0.0,0.0,0.0
0.0024809646194858446,0.000728029018456354,0.0021456577533999267,0.0,1.25,1.25
0.0024809646194858446,0.0008120307347050929,0.0019335743370236574,0.0,2.0,2.0
0.002882537406248412,0.0008494485547488312,0.0018154894605363371,0.0,2.0,2.0
0.004540690631421741,0.0008226332801340215,0.002294102974296837,0.0,2.0,2.0
0.010046761581251649,0.0005600429386703845,0.004041230047250325,0.0,2.0,2.0
0.012874644959734418,0.004511311181843696,0.004944686535599573,1.2613427413929708e-05,2.0,2.0
0.011444547514948014,0.00029119000914487153,0.0029304622318387106,5.045370965571883e-05,2.0,2.0
0.010064649001845588,0.0005235877605053968,0.0051281177062083615,2.9898494610796345e-05,2.0,2.0
0.005337077979645423,0.0004821853214997258,0.0034426608763793998,0.00013258113703975004,2.0,2.0
0.005202812175810279,0.00011696252125740296,0.0022588783646800012,0.00016067326426781077,2.0,2.0
0.005089797981536238,4.4713365060639294e-05,0.002677275318091536,0.0001773665904255054,2.0,2.0
0.005244721956533213,1.3984244879313852e-06,0.005843287251589883,0.0001892325554741652,2.0,2.0
0.005294452997960424,2.801925805514814e-06,0.003966539595698274,0.00018317499588895697,3.25,3.25
0.005312416274781189,3.6290203087230164e-07,0.004724111285177788,0.0001643015711658918,4.0,4.0
0.006775101179116151,0.00018607861212109858,0.00750843454531368,0.00010659124771401093,4.0,4.0
0.00932943235653854,0.0008853613016128096,0.006215258326584525,7.988504028822148e-06,4.0,4.0
0.010309895396238593,5.533080845032897e-05,0.002857323263458671,0.0,4.0,4.0
0.009900557973788167,0.000225609505673563,0.007076944982649473,0.0,4.0,4.0
0.010821214737239905,0.0001055735298371571,0.0067004201066853545,0.0,2.125,2.125
0.009865678632483749,0.00010161315646256855,0.0069061139929677854,0.0,1.0,1.0
0.006645747138338401,0.00014933922054729374,0.005714985720669904,0.0,1.0,1.0
0.0035590554460053496,0.0002276882567525084,0.0042081714555602615,0.0,1.0,1.0
0.002650094129425078,0.00033952593255388543,0.0035843835479500478,0.0,1.0,1.0
0.002582442325449385,0.0004084771602287327,0.0031873483553122263,0.0,1.0,1.0
0.0024809646194858446,0.0005498515903319315,0.002652917731789345,0.0,2.875,2.875
0.0024809646194858446,0.0006854255482420929,0.0023016928648713327,0.0,4.0,4.0
0.002882537406248412,0.0007820205235905399,0.0021176705060975674,0.0,4.0,4.0
0.004540690631421741,0.0008170515009672766,0.002509702824034097,0.0,4.0,4.0
0.010046761581251649,0.0006768081301086583,0.004172096025340731,0.0,4.0,4.0
0.012858273124241797,0.005049415269789693,0.0050998775398220925,2.560058601049437e-05,4.0,4.0
0.011365687226783237,0.0002233362697600317,0.003181202582869187,0.00010240234404197748,1.5,1.5
0.010015292347847711,0.00035413929450116294,0.0061410280831128965,8.53352867016479e-06,0.0,0.0
0.0052818941814175725,0.00027947354095776033,0.003699652995409521,0.0,0.0,0.0
0.005181312436652086,6.706887198021609e-05,0.0023954313487776664,0.0,0.0,0.0
0.0050682982423780444,2.5914376169733105e-05,0.002558197339737534,3.587819353295561e-05,0.0,0.0
0.005200818059335976,5.66776440409874e-07,0.0065311770469465,0.00014351277413182244,0.0,0.0
0.0052120201383554976,3.125297537195333e-06,0.003372422321115271,1.1959397844318538e-05,1.875,1.875
0.005204945201819624,1.4349628199907439e-06,0.004226122725557952,0.0,3.0,3.0
0.006754278818596509,0.0002598278964715951,0.0059911197421925015,0.0,3.0,3.0
0.00931644560805709,0.0021608170863589593,0.0055294159997854135,0.0,3.0,3.0
0.010309895396238593,0.0001110579272082212,0.0027453776214454713,0.0,3.0,3.0
0.009900557973788167,0.0003187532098311329,0.0065661453765342576,0.0,3.0,3.0
0.010821214737239905,0.00020512719726032365,0.0059747983812027845,0.0,3.0,3.0
0.009865678632483749,0.00021783121762580042,0.006177463321676627,0.0,3.0,3.0
0.006645747138338401,0.00026947215840861347,0.004835161828536204,0.0,3.0,3.0
0.0035590554460053496,0.00045083159470137366,0.0032929313267566597,0.0,3.0,3.0
0.002650094129425078,0.0006231206749695384,0.0027536088812599255,0.0,3.0,3.0
0.002582442325449385,0.0007651298565748067,0.0024133359203472693,0.0,3.0,3.0
0.0024809646194858446,0.0007363448209151036,0.0023907500092308544,0.0,1.125,1.125
0.0024809646194858446,0.0007428103946202217,0.00234950557060797,0.0,0.0,0.0
0.002882537406248412,0.0008036996123545387,0.002216481913457638,0.0,0.0,0.0
0.004540690631421741,0.0007782610290817786,0.002672763937205241,0.0,0.0,0.0
0.010046761581251649,0.0005859929790449456,0.0043738080986237575,0.0,0.0,0.0
0.01285357488266488,0.005177667288988707,0.005413492410787779,1.835954434694213e-05,0.0,0.0
0.011335385997889844,0.00021080378381036228,0.0031480583599449077,7.343817738776852e-05,0.0,0.0
0.010085273324266196,0.00038585331178536534,0.005768642986702514,6.119848115647377e-06,0.0,0.0
0.005300229833806653,0.000381135002532022,0.0033857033721950004,0.0,0.0,0.0
0.005186609549430543,0.00010855340481340218,0.002329253253294349,0.0,0.0,0.0
0.0050682982423780444,7.210158319750775e-05,0.0023000072613790067,0.0,0.0,0.0
0.005200818059335976,3.769284917775117e-05,0.005714298338674227,3.485043278070949e-05,0.0,0.0
0.005173038966507383,1.8859663870001169e-06,0.003533238180625229,0.00013940173112283796,0.0,0.0
0.005236927247281937,5.05836695246431e-07,0.004278833063688899,1.1616810926903163e-05,0.0,0.0
0.006778067227786228,0.00017981253043335997,0.006402152464650195,0.0,0.0,0.0
0.009294041450018045,0.001890537017165411,0.005918253155919448,0.0,0.0,0.0
0.010309895396238593,4.614866670629464e-05,0.0028168870893569642,0.0,0.0,0.0
0.009900557973788167,0.0001924636200284189,0.007059686015322034,0.0,0.0,0.0
0.010821214737239905,0.00011810686322811315,0.006408060954733,0.0,0.625,0.625
0.009865678632483749,0.00012747764597610507,0.006532622714507926,0.0,1.0,1.0
0.006645747138338401,0.00017075825686590772,0.005261719819830165,0.0,1.0,1.0
0.0035590554460053496,0.0002545834157976157,0.0038236957023593367,0.0,1.0,1.0
0.0027177459334007717,0.0003507478254985161,0.003246660474631567,0.0,1.0,1.0
0.0027177459334007717,0.0004189074317883852,0.0028977016101217347,0.0,1.0,1.0
0.0024809646194858446,0.0005237610394000163,0.0025433282488895237,0.0,1.625,1.625
0.0024809646194858446,0.000607618442866493,0.0023166406299874116,0.0,2.0,2.0
0.002882537406248412,0.0006630040829430461,0.0021739273219873886,0.0,2.0,2.0
0.004371561121482508,0.0006975316729454817,0.0023691547410855554,0.0,2.0,2.0
0.008425840183298587,0.0006339338192907332,0.0030411633306148774,0.0,2.0,2.0
0.011111202732295539,0.004732986579976758,0.004229329460180429,8.642533598433318e-06,2.0,2.0
0.014174436604884579,0.0002239796092983101,0.003183729979323983,3.457013439373327e-05,1.375,1.375
0.010545851554391214,0.00036208635660399516,0.006672940783253644,1.9885613342701528e-05,1.0,1.0
0.005212742625098654,0.00024525499759352085,0.0038400746077161493,6.801907523956169e-05,1.0,1.0
0.005114223082235055,8.635821965928326e-05,0.002194702533001908,5.668256269963474e-06,1.0,1.0
0.005007152384641375,7.435879266610274e-05,0.0021286514577219915,0.0,1.0,1.0
0.0051177595445724795,5.7687264106500665e-05,0.005163291661702636,2.424581047344266e-05,1.0,1.0
0.005107165319015567,1.7591210369861455e-05,0.00315729369247247,0.00012281740989341186,1.625,1.625
0.005076457617312157,5.037379191882374e-07,0.004213620044928002,0.00013631844886609958,2.0,2.0
0.006589695487877082,0.00018792875111900905,0.00663105100042945,0.00010821074950542907,2.0,2.0
0.008894666598010064,0.0013901622647823403,0.005603433669609324,8.299946681017945e-06,2.0,2.0
0.010721271066979914,3.832546845432439e-05,0.0027292460609117546,0.0,2.0,2.0
0.010142804134590254,0.0001889369005609972,0.006968996847154939,0.0,2.0,2.0
0.010821214737239905,7.72396337461504e-05,0.006536720789202701,0.0,0.75,0.75
0.010170111750374373,7.74461937616316e-05,0.006674937407758014,0.0,0.0,0.0
0.007119309766168257,0.00012141084425843933,0.0055868900710918466,0.0,0.0,0.0
0.0037958367599202777,0.00019037327179660066,0.004129630291232101,0.0,0.0,0.0
0.0027177459334007717,0.00026014315019191897,0.003649235767830042,0.0,0.0,0.0
0.0027177459334007717,0.00031805349037407565,0.0032768514164946308,0.0,0.0,0.0
0.0024809646194858446,0.00040277260184712403,0.0028171871673162924,0.0,1.25,1.25
0.0024809646194858446,0.0004655758363406905,0.0025358017041787455,0.0,2.0,2.0
0.002882537406248412,0.0005004054228814726,0.002392786039406406,0.0,2.0,2.0
0.004371561121482508,0.0005231523901103144,0.0025938776621294117,0.0,2.0,2.0
0.008425840183298587,0.00045787017797823114,0.0033050791656115503,0.0,2.0,2.0
0.011111202732295539,0.004519730108716159,0.004468644924385645,1.2847009403076554e-05,2.0,2.0
0.014147751672200724,0.00017540227218478433,0.0035192711083486565,7.142937228110564e-05,0.75,0.75
0.01045516843354103,0.00020474426572665634,0.00773655088565186,0.00010958109717509056,0.0,0.0
0.005212742625098654,5.745584175966115e-05,0.004799177424452263,0.00010721413301840252,0.0,0.0
0.005081754730090613,6.368895898259153e-07,0.0022663922939548647,8.377807344066893e-06,0.0,0.0
0.004988318205873529,4.582703264624691e-06,0.0023513465946989453,0.0,0.0,0.0
0.005107165319015567,1.1810984385187453e-06,0.004940370308439042,3.494386557636823e-05,0.0,0.0
0.005095963239996045,1.4147862885246658e-06,0.004246344876741214,0.00017233679159254332,1.25,1.25
0.0050871296648801615,5.58598718623102e-07,0.004973980710642612,0.00014189327234040433,2.0,2.0
0.006671543021750363,0.00012017144243538036,0.0077052005055378864,1.0853776429023465e-05,2.0,2.0
0.008887054784318163,0.0004762840870583164,0.006538971474723637,0.0,2.0,2.0
0.010721271066979914,1.380336862995827e-06,0.0031300932672446305,0.0,2.0,2.0
0.010142804134590254,9.800114661661293e-05,0.007930841283506013,0.0,2.0,2.0
0.010821214737239905,8.271304928868875e-06,0.007067287462485732,0.0,2.625,2.625
0.010170111750374373,3.4283431842419466e-05,0.007022972604660978,0.0,3.0,3.0
0.007119309766168257,7.969610219330918e-05,0.005966636754021455,0.0,3.0,3.0
0.0037958367599202777,0.00014315507144126283,0.004412075925027122,0.0,3.0,3.0
0.002650094129425078,0.0001859635304945029,0.003896764091842609,0.0,3.0,3.0
0.002582442325449385,0.00024455847503534274,0.0034439879330071207,0.0,3.0,3.0
0.0024809646194858446,0.0002456926822023353,0.003326931839794187,0.0,1.125,1.125
0.0024809646194858446,0.0002533613615211385,0.0032142478380854543,0.0,0.0,0.0
0.002882537406248412,0.00027471380528080455,0.003056496576551073,0.0,0.0,0.0
0.004540690631421741,0.0002843584103626258,0.0035167230365551853,0.0,0.0,0.0
0.010046761581251649,0.0002021297135956001,0.005623858421759206,0.0,0.0,0.0
0.012876224450879898,0.003482933616608781,0.00629571558861581,5.5592513416949455e-06,0.0,0.0
0.011487866086413607,0.0001184590540033547,0.003290452174287688,3.0832822567383726e-05,0.0,0.0
0.010072468250688846,0.00023945075441598223,0.006742535630809569,4.702784048156508e-05,0.0,0.0
0.005369468509778773,7.639930251342053e-05,0.00428095558347529,4.603122399453854e-05,0.0,0.0
0.005287222417402367,3.72580354044547e-06,0.0023112321676650185,1.7285067196866637e-05,0.0,0.0
0.0050682982423780444,8.547678803419447e-06,0.002618203002136481,6.932713437878403e-05,0.0,0.0
0.0052120201383554976,6.168494416122931e-07,0.005601189327283539,7.814096143592502e-05,0.0,0.0
0.005233894264943024,1.8987578867910848e-06,0.0040908184325422385,6.596355373506943e-05,1.25,1.25
0.005360390008320927,1.033661159275971e-06,0.004408682596103956,5.092087363401252e-06,2.0,2.0
0.006877221175711669,0.00013284190671782422,0.0074940339363458305,0.0,2.0,2.0
0.009294041450018045,0.0006691628627337966,0.0065769468173527265,0.0,2.0,2.0
0.010309895396238593,1.3375737863657602e-06,0.0031338633975174068,0.0,2.0,2.0
0.009900557973788167,7.513947652337007e-05,0.007767771503272641,0.0,2.0,2.0
0.010821214737239905,2.4825541528822537e-05,0.007105591737800129,0.0,2.0,2.0
0.009865678632483749,4.3011635110903503e-05,0.007216469748030709,0.0,2.0,2.0
0.006645747138338401,8.092246461521788e-05,0.006101083449161447,0.0,2.0,2.0
0.0035590554460053496,0.00013840102332368886,0.004572010683324076,0.0,2.0,2.0
0.002650094129425078,0.00018366095164312,0.003913298168351163,0.0,2.0,2.0
0.002582442325449385,0.0002501746410566958,0.003483450906828468,0.0,2.0,2.0
0.0024809646194858446,0.0003157002675272691,0.0030850154221068954,0.0,2.625,2.625
0.0024809646194858446,0.0003641334566548739,0.0027963213808929652,0.0,3.0,3.0
0.002882537406248412,0.00040936454739548545,0.002643987599916247,0.0,3.0,3.0
0.004540690631421741,0.0003955780580798252,0.003099977567468161,0.0,3.0,3.0
0.010046761581251649,0.0002768703285844664,0.005094399219599329,0.0,3.0,3.0
0.012876224450879898,0.0037666685906452045,0.005805403510898041,3.503729837202697e-06,3.0,3.0
0.011525753098116985,0.00016971976447311988,0.0031672418802123855,1.9387305099188256e-05,2.375,2.375
0.010082653991574722,0.0003023446419787711,0.0060965192741621104,2.933789783684391e-05,2.0,2.0
0.0053772877586220295,0.00022993759779222183,0.003685784708541146,3.622078045037099e-05,2.0,2.0
0.005274261699802835,7.211366404728479e-05,0.002266184534025116,3.305963753058367e-05,2.0,2.0
0.005202705177010007,6.170778504653235e-05,0.002294590821566019,1.1632383059512952e-05,2.0,2.0
0.005283017452907628,4.683576050341897e-05,0.005504325680338958,3.625192471559057e-05,2.0,2.0
0.00536502063080309,4.5459845748330154e-05,0.0030505483188697892,1.3065019259613611e-05,2.0,2.0
0.0053053052291425935,3.4260023576368e-05,0.0038670703530011333,4.017610213325759e-05,2.0,2.0
0.006913349548835037,0.0002661241450152411,0.005920059490394849,3.348008511104799e-06,2.0,2.0
0.009321820542846637,0.001491965792516032,0.005586236416980334,0.0,2.0,2.0
0.010309895396238593,8.843688123212844e-05,0.002719675585860548,0.0,2.0,2.0
0.009900557973788167,0.00024803747743646525,0.006873509158494528,0.0,2.0,2.0
0.010821214737239905,0.000104932018394155,0.0064528475220134145,0.0,1.375,1.375
0.009865678632483749,9.553802302614385e-05,0.006671163954175216,0.0,1.0,1.0
0.006645747138338401,0.00013245666667142998,0.005502741589689465,0.0,1.0,1.0
0.0035590554460053496,0.00020339525770184387,0.004081828008733534,0.0,1.0,1.0
0.002650094129425078,0.00026747288046694397,0.0034521373790055254,0.0,1.0,1.0
0.002582442325449385,0.00033004375476922626,0.003085422816477724,0.0,1.0,1.0
0.0024809646194858446,0.0003753981958250908,0.002808233360879428,0.0,1.0,1.0
0.0024809646194858446,0.0004253882719847626,0.002610764788254165,0.0,1.0,1.0
0.002882537406248412,0.00047622907106387364,0.0024852681498596747,0.0,1.0,1.0
0.004540690631421741,0.00045571937402071126,0.002955112556872917,0.0,1.0,1.0
0.010046761581251649,0.0003023390563557428,0.0048989479411589735,0.0,1.0,1.0
0.012876224450879898,0.004272773684490778,0.005721380589639016,1.116521908121926e-05,1.0,1.0
0.011488473939876216,0.00017695585112694414,0.003223482898867177,4.466087632487704e-05,1.0,1.0
0.01006291289099654,0.0003138993514273819,0.005854959168097144,3.7217396937397534e-06,1.0,1.0
0.0053003076558177445,0.000263901805273487,0.003482057190542241,2.443267606476014e-05,1.0,1.0
0.005202812175810279,5.440657594237595e-05,0.0022982768323811585,0.0001341694945659486,1.0,1.0
0.0050682982423780444,9.922791566726377e-06,0.002899238829840322,0.00018248982205412622,1.0,1.0
0.0052120201383554976,4.4527074256661915e-07,0.005641263579357303,0.00012650800532193205,1.0,1.0
0.005217317251133955,3.1008297779286047e-06,0.003737722727369358,4.125057928333308e-05,4.125,4.125
0.005214014254829802,1.020182219798375e-06,0.00464793129935628,0.00015294948649335506,6.0,6.0
0.006775235626099908,0.00015143425732842472,0.007716925376833176,0.00011484447799719951,6.0,6.0
0.009307028198499493,0.0008931098239738029,0.006372727979188358,8.689249996262689e-06,6.0,6.0
0.010309895396238593,3.845218559780829e-05,0.002807611702039718,0.0,6.0,6.0
0.009900557973788167,0.0002323645207772012,0.007193038411675444,0.0,6.0,6.0
0.010821214737239905,0.00011196670623528509,0.006665382551237177,0.0,4.75,4.75
0.009865678632483749,0.00012313541604151482,0.006806032796332986,0.0,4.0,4.0
0.006645747138338401,0.00018124233539546167,0.005437844945688262,0.0,4.0,4.0
0.0035590554460053496,0.0002745006696459165,0.0039576852566342614,0.0,4.0,4.0
0.002650094129425078,0.00039102000236064207,0.0032941434774238746,0.0,4.0,4.0
0.002582442325449385,0.0004926076869842278,0.002863629040392054,0.0,4.0,4.0
0.0024809646194858446,0.0004803554592518255,0.0028396881458742206,0.0,1.5,1.5
0.0024809646194858446,0.0004858883369395916,0.002803260485233699,0.0,0.0,0.0
0.002882537406248412,0.0005221202364844249,0.002668391043791106,0.0,0.0,0.0
0.004540690631421741,0.0004995161153221457,0.0031351724246122033,0.0,0.0,0.0
0.010046761581251649,0.0003472002394115132,0.005025237074459399,0.0,0.0,0.0
0.012876224450879898,0.0046659876908150865,0.005899522102335952,1.4155068542298894e-05,0.0,0.0
0.011477801892308211,0.0001890198649165809,0.003276506039201512,5.6620274169195576e-05,0.625,0.625
0.010025478088733587,0.00035400385399364016,0.005947570609651628,4.718356180766298e-06,1.0,1.0
0.00528719129419603,0.00027873421826099244,0.003597140721655961,3.064595697606626e-05,1.0,1.0
0.0051920623062311835,5.167441455830964e-05,0.002295614036099432,0.00012258382790426503,1.0,1.0
0.0050682982423780444,8.310571734564341e-06,0.0023689735025816706,1.0215318992022085e-05,1.0,1.0
0.0052120201383554976,1.1033899437230436e-06,0.005321271231671346,3.513073116768571e-05,1.0,1.0
0.0052281449427241415,2.006471941929561e-06,0.003841150971489651,0.0001734112687426188,2.875,2.875
0.005214014254829802,7.436640668835841e-07,0.004802918273797004,0.00016956495198800072,4.0,4.0
0.006750917185458671,0.00014225482744916596,0.007752107825424878,0.00011616810926903164,4.0,4.0
0.009301653263709945,0.001089942029625395,0.006468006219407609,8.767110659311637e-06,4.0,4.0
0.010309895396238593,2.5240967409875727e-05,0.0028958040646203634,0.0,4.0,4.0
0.009900557973788167,0.00019990976192101569,0.0073361485761170965,0.0,4.0,4.0
0.010821214737239905,0.00010407024769506888,0.006697355959360052,0.0,4.0,4.0
0.009865678632483749,0.0001226330464243841,0.006767242826703987,0.0,4.0,4.0
0.006645747138338401,0.0001763106688901742,0.005436766041799347,0.0,4.0,4.0
0.0035590554460053496,0.0002586957229653205,0.003945195079906249,0.0,4.0,4.0
0.002650094129425078,0.00037852557022538866,0.003298594298646279,0.0,4.0,4.0
0.002582442325449385,0.0004786838213381606,0.0028803932548218058,0.0,4.0,4.0
0.0024809646194858446,0.0004567346536878704,0.002851368287140041,0.0,1.5,1.5
0.0024809646194858446,0.00045767040152983653,0.0028081982407289464,0.0,0.0,0.0
0.002882537406248412,0.000510194850860401,0.0026563784613699644,0.0,0.0,0.0
0.004540690631421741,0.0005145622407485366,0.0031245928064398123,0.0,0.0,0.0
0.010046761581251649,0.00034401461795903823,0.005002206888202976,0.0,0.0,0.0
0.012872634185552278,0.00453345933962717,0.005857211258454599,1.4762381714080695e-05,0.0,0.0
0.011436376406406384,0.00021000844979347327,0.003190533672481482,5.904952685632278e-05,1.875,1.875
0.010036835811775292,0.0004184232187671386,0.005744718186484601,3.239003582836271e-05,3.0,3.0
0.005281972003428664,0.0002864466205565253,0.003805393298959216,0.00010987696769467658,3.0,3.0
0.005181312436652086,6.989187034901893e-05,0.0021800181392532076,4.386669756177776e-05,3.0,3.0
0.005034692005319477,2.4641668658169205e-05,0.0026955614718816383,0.000174952909870988,3.0,3.0
0.005189615980316454,4.7510984019374055e-07,0.0056477578780748106,0.00015601719661748365,3.0,3.0
0.005222614363912412,1.2487491053756465e-07,0.003835498729726232,1.2037258507367486e-05,2.375,2.375
0.005202500887765914,5.612744396306726e-07,0.004441839799449466,2.6581630364911123e-05,2.0,2.0
0.00669874182997775,0.00014260051435475236,0.007879147819159034,0.00010632652145964449,2.0,2.0
0.00925147001284231,0.0008692210533757926,0.0067250191222295395,8.860543454970377e-06,2.0,2.0
0.010309895396238593,1.256219747861153e-06,0.0030626949321729854,0.0,2.0,2.0
0.009900557973788167,0.00012009861282807984,0.007709232867576113,0.0,2.0,2.0
0.010821214737239905,3.782720390666376e-05,0.007124453528078684,0.0,1.375,1.375
0.009865678632483749,5.071192009759421e-05,0.007241611700728504,0.0,1.0,1.0
0.006645747138338401,9.290053241903344e-05,0.006086414510744063,0.0,1.0,1.0
0.0035590554460053496,0.0001492997339080376,0.004573171676107942,0.0,1.0,1.0
0.0027177459334007717,0.00021158721375885993,0.0039309421209951165,0.0,1.0,1.0
0.0027177459334007717,0.0002706294441620306,0.0035229672621838294,0.0,1.0,1.0
0.0024809646194858446,0.0003298919367780518,0.003173437630498237,0.0,1.0,1.0
0.0024809646194858446,0.00037103552383397346,0.002912292290404816,0.0,1.0,1.0
0.002882537406248412,0.0004003304197765428,0.0027501994574039798,0.0,1.0,1.0
0.004371561121482508,0.00042148499470242537,0.0029416676345917904,0.0,1.0,1.0
0.008425840183298587,0.00035522543276016096,0.003745875327412123,0.0,1.0,1.0
0.011111202732295539,0.004150213233512685,0.004835989477158885,1.2987158596564663e-05,1.0,1.0
0.014194474270881005,0.00017704136991921206,0.0035487793294536243,7.582071367706635e-05,1.625,1.625
0.01055063983275658,0.00027497605933890794,0.007536666561780262,0.0001238295985130482,2.0,2.0
0.005240069508486821,0.00014407935630998472,0.004437541402897385,0.00010400627370078582,2.0,2.0
0.005076457617312157,3.885026441467225e-05,0.002324819188987586,3.832301835269261e-05,2.0,2.0
0.005004443010242175,6.760737732027776e-06,0.002826496784439859,0.00015738754428714513,2.0,2.0
0.00512866505817376,5.324162053516798e-07,0.0059854669046142195,0.00018973086371767848,2.0,2.0
0.00512866505817376,9.259854592034471e-07,0.004393923150632821,0.0001857755420347919,2.625,2.625
0.005136408496866946,4.642947819390644e-07,0.005283323635173575,0.000170655001270686,3.0,3.0
0.00669926548960629,0.00015963777067349192,0.007907259238651293,0.00011827034717135325,3.0,3.0
0.008922445690838656,0.0010929813664831674,0.006483976172063689,8.938404118019325e-06,3.0,3.0
0.010721271066979914,2.0375731261354185e-06,0.003085973217814943,0.0,3.0,3.0
0.010142804134590254,0.00014115099040144964,0.007674165462087201,0.0,3.0,3.0
0.010821214737239905,3.465062168403632e-05,0.0071515003462693585,0.0,1.75,1.75
0.010170111750374373,4.050063980901856e-05,0.007215695738954182,0.0,1.0,1.0
0.007119309766168257,7.985762843575248e-05,0.006187207087277441,0.0,1.0,1.0
0.0037958367599202777,0.00013597893996078784,0.004678016589490352,0.0,1.0,1.0
0.0027177459334007717,0.00018442542439297397,0.0041439412561225745,0.0,1.0,1.0
0.0027177459334007717,0.0002528291088341734,0.0036950843126965483,0.0,1.0,1.0
0.0024809646194858446,0.0003290020555286992,0.003245839768718339,0.0,1.625,1.625
0.0024809646194858446,0.00038797550290744565,0.002913144311561088,0.0,2.0,2.0
0.002882537406248412,0.00042345026692007347,0.002728631896376573,0.0,2.0,2.0
0.004371561121482508,0.00043796242241407314,0.002916964837108234,0.0,2.0,2.0
0.008425840183298587,0.0003505903067082072,0.003735266384703108,0.0,2.0,2.0
0.011116803771805298,0.00386716012449254,0.004795781391483145,0.0,2.0,2.0
0.014331041824030973,0.0001856597874018707,0.003359312478649298,0.0,2.0,2.0
0.01065193970689464,0.0003318608944098433,0.006870142423291234,0.0,2.0,2.0
0.005410155849156575,0.00029163001961880324,0.003491366628650735,0.0,2.0,2.0
0.005223927530948018,0.00012703162463831964,0.0021474029160062766,0.0,2.0,2.0
0.005099406314469998,0.00012023668427677799,0.002130108555154655,0.0,2.0,2.0
0.005230691179439526,0.00012486641215709955,0.005287498944599593,0.0,2.0,2.0
0.005275570843116403,0.00015220448735560915,0.0028251181847630045,0.0,2.625,2.625
0.005284465066926991,0.00017500257765618458,0.003828312035044259,0.0,3.0,3.0
0.006811514602115018,0.0006327770921630452,0.0043497290593681555,0.0,3.0,3.0
0.008914833877146755,0.002550637702812741,0.004286252621021431,0.0,3.0,3.0
0.010721271066979914,0.00018258514561216106,0.002338070222184313,0.0,3.0,3.0
0.010142804134590254,0.00034869239303388663,0.0057729162236915465,0.0,3.0,3.0
0.010821214737239905,0.00020681127799514207,0.00554112400410459,0.0,2.375,2.375
0.010170111750374373,0.00018673820803347856,0.0057724090254830124,0.0,2.0,2.0
0.007119309766168257,0.0002097225148334612,0.004700651126312386,0.0,2.0,2.0
0.0037958367599202777,0.00029331894870880296,0.0033739228707151694,0.0,2.0,2.0
0.0027177459334007717,0.00036549541255354143,0.0029646345019128675,0.0,2.0,2.0
0.0027177459334007717,0.0004341575902074343,0.00263367127569465,0.0,2.0,2.0
0.0024809646194858446,0.00044743323546433695,0.0025214145896095006,0.0,0.75,0.75
0.0024809646194858446,0.00047100943876864033,0.002446757474477875,0.0,0.0,0.0
0.002882537406248412,0.0005212378859151272,0.0023502473229145195,0.0,0.0,0.0
0.004371561121482508,0.000539260989563355,0.002574458892361595,0.0,0.0,0.0
0.008425840183298587,0.000431823546512169,0.0033826212940269297,0.0,0.0,0.0
0.011111202732295539,0.004108792898312737,0.004500547153816731,4.765072578595667e-06,0.0,0.0
0.014206827135017929,0.00021269418664419937,0.0031961567719250763,1.686461961640231e-05,1.25,1.25
0.010588174984761585,0.00036428222749306866,0.006438257662802922,9.016264781068271e-06,2.0,2.0
0.005239913864464638,0.0002727459911528841,0.0034633657140542744,3.919505777884083e-05,2.0,2.0
0.005076457617312157,8.846220894927556e-05,0.002102417923206859,4.705898474678466e-05,2.0,2.0
0.0050096037643745615,4.4905802182897505e-05,0.0021341650827212005,4.1219435018113504e-05,2.0,2.0
0.005217652639828901,2.8261114267189717e-05,0.00487640526283543,3.1922871850069015e-06,2.0,2.0
0.005270195908326854,5.486856739167543e-05,0.0027846628232239866,0.0,2.625,2.625
0.005284465066926991,8.015525256663232e-05,0.003437955218460925,0.0,3.0,3.0
0.006811514602115018,0.00040376227840778343,0.004742289862121176,0.0,3.0,3.0
0.008914833877146755,0.0015305813177663645,0.0045885566221660614,0.0,3.0,3.0
0.010721271066979914,0.00012238555854734182,0.0023966000676909406,0.0,3.0,3.0
0.010142804134590254,0.0002852666655971168,0.006223373620545821,0.0,3.0,3.0
0.010821214737239905,0.0001327703863645004,0.005915317844948286,0.0,1.75,1.75
0.010170111750374373,0.00012022308227679038,0.006106041614637877,0.0,1.0,1.0
0.007119309766168257,0.00015077500811242365,0.005103095277250356,0.0,1.0,1.0
0.0037958367599202777,0.0002273561098926286,0.0037017602106113514,0.0,1.0,1.0
0.002650094129425078,0.0003044199981726805,0.0032183899799222465,0.0,1.0,1.0
0.002582442325449385,0.00038271209921951884,0.002835288966573274,0.0,1.0,1.0
0.0024809646194858446,0.00042505805041623127,0.00265833197438803,0.0,0.375,0.375
0.0024809646194858446,0.0004783345533974123,0.002536487309785213,0.0,0.0,0.0
0.002882537406248412,0.0005521993912262183,0.002415362029775593,0.0,0.0,0.0
0.004540690631421741,0.0005414915734225553,0.0028988521548885134,0.0,0.0,0.0
0.010046761581251649,0.0003580393196192511,0.004804453327189256,0.0,0.0,0.0
0.012876224450879898,0.004421685499943289,0.005632980947658341,2.8029838697621576e-06,0.0,0.0
0.011571515983636286,0.00022231207826671343,0.003063159403726956,2.3358198914684644e-07,1.25,1.25
0.010137583126730873,0.0004690699497397483,0.005273599639793521,0.0,2.0,2.0
0.005372343836234482,0.00048439087233458794,0.0029700293947240906,0.0,2.0,2.0
0.00519435097626271,0.00015725871960223562,0.0021695676180445694,2.219028896895041e-05,2.0,2.0
0.005029317070529931,7.829354473741882e-05,0.002286173025165299,8.876115587580165e-05,2.0,2.0
0.005227911476690867,2.8036571271786173e-05,0.005143536035731562,7.396762989650137e-06,2.0,2.0
0.00522505867796612,2.7586372505052882e-05,0.002923631493752198,2.5974317193129325e-05,2.0,2.0
0.005164205391391499,2.331231315442947e-06,0.003914003511692707,0.0001038972687725173,2.0,2.0
0.00677269229299668,0.00018722787076546355,0.006316641786826473,8.65810573104311e-06,2.0,2.0
0.009212488840994196,0.0010777862348567901,0.0057895272824225975,0.0,2.0,2.0
0.010309895396238593,4.3163640666896914e-05,0.0026446912217402093,0.0,2.0,2.0
0.009900557973788167,0.00018412287764147926,0.006971679821863983,0.0,2.0,2.0
0.010821214737239905,7.859417553912073e-05,0.006461784841887511,0.0,1.375,1.375
0.009865678632483749,8.268082171069126e-05,0.006622252057560136,0.0,1.0,1.0
0.006645747138338401,0.00012588010381274037,0.005513330840729541,0.0,1.0,1.0
0.0035590554460053496,0.00018445238824087517,0.0040496801732885146,0.0,1.0,1.0
0.002650094129425078,0.00026595701377544545,0.003445377820371632,0.0,1.0,1.0
0.002582442325449385,0.0003348810140936073,0.00306237847422383,0.0,1.0,1.0
0.0024809646194858446,0.00041056329329382886,0.002721850300446876,0.0,1.625,1.625
0.0024809646194858446,0.00046577310680848415,0.0024937440219412604,0.0,2.0,2.0
0.002882537406248412,0.000516738449368435,0.0023360559504233473,0.0,2.0,2.0
0.004540690631421741,0.0005278424475829037,0.002786525425968952,0.0,2.0,2.0
0.010046761581251649,0.0003625098938620672,0.004656174398445207,0.0,2.0,2.0
0.012881825490389662,0.004239246198931027,0.005445663300851579,0.0,2.0,2.0
0.011628502145213538,0.0002065969757552118,0.00313545075732362,0.0,0.75,0.75
0.01018805646860445,0.00038940275090883024,0.00566409753122945,0.0,0.0,0.0
0.005474010292697036,0.00036524900519176645,0.003182680703950943,0.0,0.0,0.0
0.005312657545919304,0.0001239071658718956,0.0021380393508453597,0.0,0.0,0.0
0.005179386350974514,0.00010414189160366773,0.002082316841578467,0.0,0.0,0.0
0.005330171063989908,7.990510872973958e-05,0.004757336826147884,0.0,0.0,0.0
0.0053697536148883274,8.651028137705143e-05,0.0027978430366613796,0.0,1.25,1.25
0.005384022773488465,8.737825136570648e-05,0.003357469908512403,0.0,2.0,2.0
0.006901539616352906,0.00035207510218088027,0.005176761323493297,0.0,2.0,2.0
0.009310618463827117,0.0011238981944686863,0.0050933826948039,0.0,2.0,2.0
0.010309895396238593,0.00010256120712475902,0.002485261315448248,0.0,2.0,2.0
0.009900557973788167,0.00025025438538048284,0.006484254137948794,0.0,2.0,2.0
0.010821214737239905,0.00011628793370230031,0.006046553570116812,0.0,2.0,2.0
0.009865678632483749,0.00011042260658899412,0.006234896112755982,0.0,2.0,2.0
0.006645747138338401,0.0001443128592085786,0.005163125165256202,0.0,2.0,2.0
0.0035590554460053496,0.00019843208160651496,0.0037349535564372947,0.0,2.0,2.0
0.002650094129425078,0.00027207502752038537,0.0031938966502736603,0.0,2.0,2.0
0.002582442325449385,0.00033093159419223325,0.002840956288871648,0.0,2.0,2.0
0.0024809646194858446,0.000358243869000805,0.002656712613789424,0.0,1.375,1.375
0.0024809646194858446,0.00040995558329548433,0.0025698707560896776,0.0,1.0,1.0
0.002882537406248412,0.0004097564849964431,0.002411675983211897,0.0,1.0,1.0
0.004540690631421741,0.00041512470393287597,0.002887022809770153,0.0,1.0,1.0
0.010046761581251649,0.0002752199205010044,0.004914320405867961,0.0,1.0,1.0
0.012876224450879898,0.003711906483303953,0.00564895507862136,0.0,1.0,1.0
0.011620682896370279,0.00017191560997092408,0.003128791782623922,0.0,0.375,0.375
0.01018805646860445,0.00032553674103226715,0.005710561639888574,0.0,0.0,0.0
0.005463416067140122,0.000292667747416208,0.0032087097082032583,0.0,0.0,0.0
0.005312657545919304,9.519060661894284e-05,0.002088917695432418,0.0,0.0,0.0
0.005179386350974514,7.873169422844867e-05,0.0020442430525482503,0.0,0.0,0.0
0.005330171063989908,4.749642355332087e-05,0.00460882451026737,0.0,0.0,0.0
0.0053697536148883274,5.7557307889862075e-05,0.0028484166198906023,0.0,1.875,1.875
0.005384022773488465,6.531828542286906e-05,0.0033698953259661594,0.0,3.0,3.0
0.006901539616352906,0.0003024135142252047,0.005282663921432097,0.0,3.0,3.0
0.009294041450018045,0.0010680481676232693,0.005135363666769589,0.0,3.0,3.0
0.010309895396238593,9.885840535536419e-05,0.0024812810362533815,0.0,3.0,3.0
0.009900557973788167,0.00024590846953570673,0.006480757684576002,0.0,3.0,3.0
0.010821214737239905,0.00010585446468757945,0.006113182237202384,0.0,2.375,2.375
0.009865678632483749,9.934871768494237e-05,0.006334657442580471,0.0,2.0,2.0
0.006645747138338401,0.0001357284410887576,0.005232536213502107,0.0,2.0,2.0
0.0035590554460053496,0.0001966201852926832,0.0037820473794205074,0.0,2.0,2.0
0.002650094129425078,0.000275456195631191,0.0032179220394768144,0.0,2.0,2.0
0.002582442325449385,0.00033532068946147447,0.0028613941086701703,0.0,2.0,2.0
0.0024809646194858446,0.00039317936073581146,0.0027155052278139123,0.0,1.375,1.375
0.0024809646194858446,0.0003924229425064152,0.0025475853831271717,0.0,1.0,1.0
0.002882537406248412,0.00042470716042321526,0.002423840337846314,0.0,1.0,1.0
0.004540690631421741,0.00041820354878783865,0.002907828699236784,0.0,1.0,1.0
0.010046761581251649,0.0002816453135960689,0.00491368385171242,0.0,1.0,1.0
0.012858744639137984,0.0038043682667799304,0.0057086048501340785,1.0931637092072414e-05,1.0,1.0
0.011386115333527656,0.00015857947478651411,0.003139820349175746,2.689307301710692e-05,1.0,1.0
0.010076515559300381,0.0002934008828397045,0.005889310386951239,1.3890342287932468e-05,1.0,1.0
0.005265394989619593,0.00015121784978256535,0.003746263407434385,4.6716397829369285e-05,1.0,1.0
0.005286424822675873,4.548062977029769e-05,0.0021645331939774437,3.893033152447441e-06,1.0,1.0
0.005134578034896425,4.6252831033640534e-05,0.0021241338442618807,0.0,1.0,1.0
0.005307766905950864,3.880165759198076e-05,0.004887744873605546,0.0,1.0,1.0
0.005337990312833166,4.755607975289261e-05,0.0028973390200629162,0.0,1.625,1.625
0.005314805294554771,4.6392291713143915e-05,0.0035410557244512073,1.985446907748195e-05,2.0,2.0
0.006628527387525992,0.0002089488101729159,0.00625812695126905,7.951130910558652e-05,2.0,2.0
0.009177529217510362,0.0009142324611945318,0.005818686767396087,6.991887541795604e-06,2.0,2.0
0.010309895396238593,3.639763984992124e-05,0.0026527153890003406,0.0,2.0,2.0
0.009900557973788167,0.00017332109500058833,0.007110756221828614,0.0,2.0,2.0
0.010821214737239905,5.763488682212704e-05,0.006544945073126819,0.0,1.375,1.375
0.009865678632483749,6.162773505586765e-05,0.006725067418635815,0.0,1.0,1.0
0.006645747138338401,9.50330729145942e-05,0.005649833594045207,0.0,1.0,1.0
0.0035590554460053496,0.00015427259781112526,0.004192259400043743,0.0,1.0,1.0
0.0027177459334007717,0.00020214208839744956,0.003589944048540714,0.0,1.0,1.0
0.0027177459334007717,0.00025882512093979595,0.003251106673483504,0.0,1.0,1.0
0.0024809646194858446,0.0002812321323084407,0.0030354483071616894,0.0,0.375,0.375
0.0024809646194858446,0.00030448984717643406,0.002867348823882898,0.0,0.0,0.0
0.002882537406248412,0.0003375144797194745,0.002730582690161249,0.0,0.0,0.0
0.004371561121482508,0.00035212053688904693,0.0029559669648735994,0.0,0.0,0.0
0.008425840183298587,0.000275608678834924,0.0038714033641155453,0.0,0.0,0.0
0.011111202732295539,0.003500831877602573,0.004888145460178115,0.0,0.0,0.0
0.014323222575187713,0.00015560929211881847,0.0033810766333388104,0.0,0.0,0.0
0.01061886350128759,0.00025509564039125396,0.007054724077161445,0.0,0.0,0.0
0.005394186688810114,0.0001629887732737076,0.0036523663774213635,0.0,0.0,0.0
0.0051999834777361155,6.874802621144778e-05,0.0020695871454352883,0.0,0.0,0.0
0.005099406314469998,4.8458136941997715e-05,0.0020326774091406347,0.0,0.0,0.0
0.005225316244649977,2.3879214691019495e-05,0.004580143656133262,0.0,0.0,0.0
0.005251704611915591,2.7865569412751306e-05,0.0029098877351230287,0.0,1.25,1.25
0.005279167954148535,3.13918177232505e-05,0.0034483761096860553,0.0,2.0,2.0
0.00677599408245426,0.0002548541174450299,0.005407707458854858,0.0,2.0,2.0
0.008898256863337685,0.0009163420613284998,0.005045993016012379,0.0,2.0,2.0
0.010721271066979914,6.817097384512656e-05,0.0025721782344285096,0.0,2.0,2.0
0.010142804134590254,0.00021336433488532212,0.006805478220128077,0.0,2.0,2.0
0.010821214737239905,8.042615486139987e-05,0.006259261754002943,0.0,2.0,2.0
0.010170111750374373,8.146168184423279e-05,0.006343430703505501,0.0,2.0,2.0
0.007119309766168257,0.00011554038756036314,0.0053656210715745285,0.0,2.0,2.0
0.0037958367599202777,0.00017130804818947726,0.003911488330358097,0.0,2.0,2.0
0.0027177459334007717,0.0002211148450558976,0.003466029916846051,0.0,2.0,2.0
0.0027177459334007717,0.00027766341772914954,0.0030855523516468216,0.0,2.0,2.0
0.0024809646194858446,0.0003128537470583336,0.002849347599768582,0.0,1.375,1.375
0.0024809646194858446,0.00033577853391863295,0.002704033323908568,0.0,1.0,1.0
0.002882537406248412,0.0003431714872912443,0.0025911386942128758,0.0,1.0,1.0
0.004371561121482508,0.00034872289598715165,0.002816157615027081,0.0,1.0,1.0
0.008425840183298587,0.0002787813103197985,0.0037300872478129446,0.0,1.0,1.0
0.011111202732295539,0.0034158855370515504,0.004813234357964871,7.614772846187194e-06,1.0,1.0
0.014146049658593379,0.0001415483611506388,0.0033490203862660247,2.229929389721894e-05,1.0,1.0
0.01050902460559087,0.00019072207913400962,0.007222292632657044,3.139341934133616e-05,1.0,1.0
0.005272460038620171,0.00010374466670289627,0.0039891333848326785,3.013207659994319e-05,1.0,1.0
0.005205358412525664,4.3702261309090044e-05,0.002103861681328569,2.351392024078254e-06,1.0,1.0
0.005091808311963377,3.6734421861533856e-05,0.0021076659444702684,9.343279565873857e-06,1.0,1.0
0.005107165319015567,6.004355604892226e-06,0.004981595951668494,4.7136845409833614e-05,1.0,1.0
0.0051290394456030945,2.7634726704394746e-06,0.0030949830509169217,4.216933510731068e-05,3.5,3.5
0.00526612941453791,9.758973510250456e-07,0.003486233864407877,3.2545757154460605e-06,5.0,5.0
0.006733218442643461,0.00023993038558557092,0.005678709241948092,8.54910080277458e-06,5.0,5.0
0.00885209516083433,0.0006531956104627661,0.005277465101301801,3.419640321109832e-05,5.0,5.0
0.010721271066979914,5.461171068662028e-05,0.0026089581607233645,0.0,5.0,5.0
0.010142804134590254,0.0002097896640866187,0.006943041565332661,0.0,5.0,5.0
0.010821214737239905,5.353762555001981e-05,0.006456794641761948,0.0,3.125,3.125
0.010170111750374373,5.240211973532118e-05,0.006625741827572502,0.0,2.0,2.0
0.007119309766168257,7.636990855030366e-05,0.00567679936090029,0.0,2.0,2.0
0.0037958367599202777,0.0001251379583031757,0.004212135666830911,0.0,2.0,2.0
0.002650094129425078,0.00016028254394902843,0.0037175007281103627,0.0,2.0,2.0
0.002582442325449385,0.00019554552741776646,0.0033639350754797997,0.0,2.0,2.0
0.0024809646194858446,0.0002182712438406266,0.0031509661978217692,0.0,1.375,1.375
0.0024809646194858446,0.00025069354447270186,0.0029578744450788827,0.0,1.0,1.0
0.002882537406248412,0.0002893367790618159,0.002801158217086409,0.0,1.0,1.0
0.004540690631421741,0.000303993323065161,0.003270101026165954,0.0,1.0,1.0
0.010046761581251649,0.00021814537946135426,0.0053601268545045485,0.0,1.0,1.0
0.012881825490389662,0.0034682764627376526,0.006073148157779086,1.71916344012079e-05,1.0,1.0
0.011525010797670618,0.0001241890081129023,0.0032001740065638047,6.259997309135484e-05,1.0,1.0
0.010073640232844674,0.00022551379637106755,0.006814506881541315,0.000142656306838284,1.0,1.0
0.005331703044855875,5.086043382309279e-05,0.004814947119951287,0.00015687366391102205,1.0,1.0
0.005252543217237489,5.75735093127865e-07,0.0025082150928536265,0.0001168377109712526,1.0,1.0
0.005089797981536238,7.520654165745059e-06,0.003420676609529277,0.00018857852590455405,1.0,1.0
0.005233519877513691,4.037291435413737e-07,0.005895707868427322,0.0001928608623722462,1.0,1.0
0.005244721956533213,3.3086273085033917e-07,0.005442336576190657,0.00017593395422540474,1.0,1.0
0.005311399936647544,4.298836160139732e-07,0.005436240031218523,0.0001284233776329362,1.0,1.0
0.006758736434301929,7.803312047136242e-05,0.00946293897704616,0.0001305256155352578,1.0,1.0
0.009307028198499493,1.10016902728628e-06,0.008004317249598799,4.484774191619452e-05,1.0,1.0
0.010309895396238593,1.23888006124075e-06,0.003992508270147929,0.0,1.0,1.0
0.009900557973788167,6.318226089825532e-05,0.009298128591566441,0.0,1.0,1.0
0.010821214737239905,2.2567165808019174e-06,0.008419671351200149,0.0,1.625,1.625
0.009865678632483749,1.407043651361552e-06,0.008284865691585232,0.0,2.0,2.0
0.006645747138338401,1.2914193064843067e-06,0.007025234341108739,0.0,2.0,2.0
0.0035590554460053496,2.09460480136432e-05,0.005376307414473286,0.0,2.0,2.0
0.002650094129425078,4.5531578124970505e-05,0.004658602405439196,0.0,2.0,2.0
0.002582442325449385,7.051926780383939e-05,0.004215021211120717,0.0,2.0,2.0
0.0024809646194858446,9.713249063999522e-05,0.003906677890024154,0.0,2.625,2.625
0.0024809646194858446,0.00011762219563998179,0.003703797472074174,0.0,3.0,3.0
0.002882537406248412,0.00013709872230710935,0.0035545061110834157,0.0,3.0,3.0
0.004540690631421741,0.00015740463220684448,0.003956378223237225,0.0,3.0,3.0
0.010046761581251649,0.00013533136256700155,0.006031192760073008,0.0,3.0,3.0
0.012872634185552278,0.002853896048594182,0.006659203040278917,2.9291181439014544e-05,3.0,3.0
0.01143747056655112,5.400091110923006e-05,0.0033037487272187965,9.108140363466033e-05,1.75,1.75
0.009994745847438195,0.00013079102165933546,0.007818806133856888,0.00015936520512858842,1.0,1.0
0.0052873469382182115,1.496013893841871e-05,0.005724397960908528,0.0001096745299707493,1.0,1.0
0.005181312436652086,6.390681955355019e-07,0.0027823762116850315,8.237658150578784e-06,1.0,1.0
0.005045894084339001,1.0793702706444125e-05,0.0029773669808905853,0.0,1.0,1.0
0.005189615980316454,5.830020132222476e-07,0.004886614854841766,3.410297041543958e-05,1.0,1.0
0.005217395073145046,6.774074932203027e-07,0.005057598787499876,0.00017009440449673358,1.625,1.625
0.005202812175810279,3.802680886615834e-07,0.00557056314917193,0.00017487504920793903,2.0,2.0
0.006718779495974175,8.938992047345278e-05,0.01000109663382,0.00013544640943995138,2.0,2.0
0.009255491561206591,1.1224159947156353e-06,0.008437096391671308,4.603122399453854e-05,2.0,2.0
0.010309895396238593,1.3407857607370135e-06,0.004236062624622774,0.0,2.0,2.0
0.009900557973788167,2.6824867610591426e-05,0.009727517725507943,0.0,2.0,2.0
0.010821214737239905,1.767962932354357e-06,0.008883567332643918,0.0,2.0,2.0
0.009865678632483749,1.352682851040424e-06,0.008785633621586063,0.0,2.0,2.0
0.006645747138338401,1.3175192569400669e-06,0.007478150471374934,0.0,2.0,2.0
0.0035590554460053496,8.05378866135805e-06,0.005801821281530278,0.0,2.0,2.0
0.002650094129425078,2.3862599098818263e-05,0.00505447710588286,0.0,2.0,2.0
0.002582442325449385,6.111850950668552e-05,0.004603200673669426,0.0,2.0,2.0
0.0024809646194858446,8.755638708058888e-05,0.004229931804233191,0.0,2.625,2.625
0.0024809646194858446,0.00011648359668670312,0.003917619049646111,0.0,3.0,3.0
0.002882537406248412,0.00014622315528894754,0.003602659018026615,0.0,3.0,3.0
0.004540690631421741,0.00018409126918302125,0.003964097350571689,0.0,3.0,3.0
0.010046761581251649,0.00016387709737082507,0.006002812312038446,0.0,3.0,3.0
0.012873536983485125,0.003785256744504979,0.006617725313804591,1.2706860209588446e-05,3.0,3.0
0.011419269361145798,0.00011077376455289806,0.0034024913808380474,2.4479392462589507e-05,3.0,3.0
0.010093092573109454,0.00027773285710706045,0.0067329078563697214,1.2177407700855595e-05,3.0,3.0
0.00528719129419603,0.00011733589332466587,0.0042296602459022965,4.073669890721002e-05,3.0,3.0
0.005232646472637124,3.587644796582556e-05,0.0023419602344182003,1.6101585118522614e-05,3.0,3.0
0.0050682982423780444,1.1203744417918853e-05,0.0025682876950116054,6.432847981104151e-05,3.0,3.0
0.0052120201383554976,9.847634213213832e-07,0.005753192764360303,5.823977596061371e-05,3.0,3.0
0.005283526287320718,2.337906110881678e-07,0.003456042136755739,4.500346324229241e-06,2.375,2.375
0.00530751607716303,8.041528369334648e-07,0.004314331544968065,1.686461961640231e-05,2.0,2.0
0.006679234195432841,0.00015014955218794416,0.007460819750168331,6.745847846560925e-05,2.0,2.0
0.00926267209186183,0.0013535699188917578,0.006614685607012091,5.621539872134105e-06,2.0,2.0
0.010309895396238593,8.828924491994036e-06,0.0030020790418200096,0.0,2.0,2.0
0.009900557973788167,0.00010590616995493435,0.00778801944239295,0.0,2.0,2.0
0.010821214737239905,3.156668422159015e-05,0.007153925951408408,0.0,2.0,2.0
0.009865678632483749,4.11559489255154e-05,0.007275715438885738,0.0,2.0,2.0
0.006645747138338401,6.936913635919754e-05,0.006124670499748138,0.0,2.0,2.0
0.0035590554460053496,0.00012476708667116836,0.004612821755596245,0.0,2.0,2.0
0.002650094129425078,0.00016504643645412427,0.003960715725614439,0.0,2.0,2.0
0.002582442325449385,0.00021024041380273748,0.0035856040919214284,0.0,2.0,2.0
0.0024809646194858446,0.0002296301712721134,0.0033458210720720516,0.0,1.375,1.375
0.0024809646194858446,0.0002526079500086234,0.0031392739609549477,0.0,1.0,1.0
0.002882537406248412,0.00027808926588419923,0.0029817894002223586,0.0,1.0,1.0
0.004540690631421741,0.0002802383849899015,0.003457504810839668,0.0,1.0,1.0
0.010046761581251649,0.00019369989901462027,0.005596925973292042,9.654722218069652e-07,1.0,1.0
0.012876224450879898,0.0033068204974906973,0.006275895690152436,1.0557905909437459e-05,1.0,1.0
0.011443587801787034,0.000119217425085877,0.003187808604139818,2.617675491705659e-05,1.625,1.625
0.010067093315899295,0.0002603900466900758,0.006431694607619722,3.6205208317761204e-05,2.0,2.0
0.005331095191393267,0.00011330368200531169,0.003968525792656633,4.374212050089944e-05,2.0,2.0
0.005181312436652086,2.0616908220301463e-05,0.0022500260439375507,4.955052596435103e-05,2.0,2.0
0.0050895838008790766,1.3670707580674897e-05,0.002374665179302425,4.3243812257386174e-05,2.0,2.0
0.005285228300928063,7.506816620989804e-07,0.0049476656480016545,1.4466511194494688e-05,2.0,2.0
0.0052120201383554976,1.0667610244664367e-06,0.003516941406936126,5.6153110190901884e-05,2.625,2.625
0.005219155723586076,6.440092736402956e-07,0.004251789080031778,6.37367387718695e-05,3.0,3.0
0.006725426762661606,0.00012153785351681327,0.007714191892486384,5.714972667792843e-05,3.0,3.0
0.009279249105670902,0.0002934620619873006,0.006641147116441589,4.438057793790083e-06,3.0,3.0
0.010309895396238593,1.2465351904830197e-06,0.0031768912546361653,0.0,3.0,3.0
0.009900557973788167,7.647165897691994e-05,0.007984325602947998,0.0,3.0,3.0
0.010821214737239905,9.295061506041594e-07,0.007323174507893733,0.0,2.375,2.375
0.009865678632483749,5.853317696176766e-06,0.007393050800288016,0.0,2.0,2.0
0.006645747138338401,3.079695690313523e-05,0.006293793003370644,0.0,2.0,2.0
0.0035590554460053496,7.94362992656363e-05,0.00477133292580138,0.0,2.0,2.0
0.002650094129425078,0.00011877469670343897,0.004115325760393466,0.0,2.0,2.0
0.002582442325449385,0.0001481317458866563,0.003761091626703017,0.0,2.0,2.0
0.0024809646194858446,0.0001670048626885831,0.0035075099013425707,0.0,1.375,1.375
0.0024809646194858446,0.0001996368661963725,0.003280977578822488,0.0,1.0,1.0
0.002882537406248412,0.00022217799859660173,0.003117559044998573,0.0,1.0,1.0
0.004540690631421741,0.00022660567730544668,0.0035867550777839365,0.0,1.0,1.0
0.010046761581251649,0.00016241791862202246,0.005737405993816699,2.6784068088838393e-06,1.0,1.0
0.012867033146042517,0.0028605671287881096,0.006410001775357486,2.8497002675915264e-05,1.0,1.0
0.011427010787977962,7.766846945609482e-05,0.0031179590802773343,8.64097638517234e-05,1.625,1.625
0.009966966754609601,0.00014500984202763938,0.007249456632392451,0.00016662181892475048,2.0,2.0
0.0052873469382182115,1.725175183170292e-05,0.005027569075522704,9.587762047847557e-05,2.0,2.0
0.005181312436652086,6.839520428832543e-07,0.002459201340110888,7.007459674405394e-06,2.0,2.0
0.0050682982423780444,1.6051233252866497e-05,0.0027149317488566033,2.7749540310645358e-05,2.0,2.0
0.0052120201383554976,5.149206098936444e-07,0.00520161505036952,0.000139915611498961,2.0,2.0
0.0052120201383554976,6.240659246324806e-07,0.0047083034218285925,0.00012491964779573348,2.625,2.625
0.005204945201819624,5.139351138856481e-07,0.0046714864614325015,3.883689872881567e-05,3.0,3.0
0.006681678509486553,9.731997037240548e-05,0.009096247018190357,0.00011679099457342322,3.0,3.0
0.009190084682955152,1.1344928445086786e-06,0.007757855241605457,9.732582881118601e-06,3.0,3.0
0.010309895396238593,1.3407246158558058e-06,0.003797860675856114,0.0,3.0,3.0
0.009900557973788167,2.100348816641461e-05,0.009150088740330572,0.0,3.0,3.0
0.010821214737239905,1.200314133014522e-06,0.008385216231524061,0.0,2.375,2.375
0.009865678632483749,1.2939893681337274e-06,0.008333561259591442,0.0,2.0,2.0
0.006645747138338401,1.270510238226356e-06,0.007084709497510129,0.0,2.0,2.0
0.0035590554460053496,1.1891804487525803e-05,0.00544291865333117,0.0,2.0,2.0
0.0027177459334007717,3.1801769334893625e-05,0.004721271564507417,0.0,2.0,2.0
0.0027177459334007717,6.204655969284046e-05,0.004297600777039062,0.0,2.0,2.0
0.0024809646194858446,0.00012006605101951699,0.003809417417470576,0.0,4.5,4.5
0.0024809646194858446,0.00016864096208780215,0.0034378722899861946,0.0,6.0,6.0
0.002882537406248412,0.00020597411291113502,0.0032054924119870733,0.0,6.0,6.0
0.004371561121482508,0.00024307219406978172,0.0033143269649755207,0.0,6.0,6.0
0.008425840183298587,0.00022041211310983467,0.004179948949675552,2.709551074103419e-06,6.0,6.0
0.011097313185881242,0.0031389296287099456,0.0051806554921928274,1.6257306444620514e-05,6.0,6.0
0.014133067743955419,0.00010970826781608132,0.0035660363583796817,1.784566397081907e-05,4.125,4.125
0.010468129151140563,8.535323408621563e-05,0.007838068552748313,6.596355373506943e-05,3.0,3.0
0.005233931076212482,4.0703767810244644e-05,0.0045683879757724985,5.496962811255787e-06,3.0,3.0
0.005076457617312157,9.761539879491027e-07,0.0022818149837475327,0.0,3.0,3.0
0.004988318205873529,2.785203296974449e-06,0.0024383586248573515,2.634804837576428e-05,3.0,3.0
0.005107165319015567,8.306392072920246e-07,0.005369565816311377,0.00010539219350305712,3.0,3.0
0.0051177595445724795,1.1567343703533803e-07,0.0037647821469682687,8.782682791921427e-06,2.375,2.375
0.005097646068425984,4.347623853869536e-07,0.004375049535371449,2.933789783684391e-05,2.0,2.0
0.006564812918542625,0.00013336097141577392,0.008134762269409098,0.00012781606446115437,2.0,2.0
0.00875798708636569,0.00017140341611028556,0.007009862307942479,5.163719173406285e-05,2.0,2.0
0.010721271066979914,1.1685105413832321e-06,0.0033493425322443093,0.0,2.0,2.0
0.010142804134590254,8.563326236136473e-05,0.00859221420861996,0.0,2.0,2.0
0.010821214737239905,1.5719773795765516e-06,0.007722199529818468,0.0,2.0,2.0
0.010170111750374373,1.3320450721731549e-06,0.00763387094448832,0.0,2.0,2.0
0.007119309766168257,1.2926869201510005e-06,0.00659560832763046,0.0,2.0,2.0
0.0037958367599202777,4.608374925465102e-05,0.005041982491686,0.0,2.0,2.0
0.0027177459334007717,8.614317413681557e-05,0.00450287750274395,0.0,2.0,2.0
0.0027177459334007717,0.0001173736414047052,0.004084713018818942,0.0,2.0,2.0
0.0024809646194858446,0.00016074389921103588,0.003633154509573262,0.0,2.625,2.625
0.0024809646194858446,0.0002090616101025437,0.0032869407899365466,0.0,3.0,3.0
0.002882537406248412,0.0002557032673640553,0.0030655381697081764,0.0,3.0,3.0
0.004371561121482508,0.00029685074688719454,0.0032093472759257106,0.0,3.0,3.0
0.008425840183298587,0.0002534858865419628,0.0040917933660295685,2.8029838697621576e-06,3.0,3.0
0.011097313185881242,0.003563036142824583,0.005164813333234493,1.6817903218572944e-05,3.0,3.0
0.014160769014772921,0.00010720383693285106,0.003686511171965739,1.765879837950159e-05,1.125,1.125
0.010514477362391509,7.673464760754577e-05,0.00806801440619327,8.978891662804777e-05,0.0,0.0
0.005267240747852805,1.465527386049293e-05,0.0053993933729597245,0.0001326278534375794,0.0,0.0
0.005097957356470349,5.066195474429684e-07,0.002883365217142068,0.00015171928801718164,0.0,0.0
0.005004443010242175,5.9633988876716355e-06,0.003682530304907714,0.00015850873783505,0.0,0.0
0.0051125402538051146,4.033776068327986e-07,0.005688550629347699,0.00014821555817997898,0.0,0.0
0.00512866505817376,7.622755472519151e-07,0.005349363602127462,0.0001732399752839111,0.625,0.625
0.005110995896080973,4.720633822132561e-07,0.005450114691488917,0.00012477949860224537,1.0,1.0
0.0066014842233207876,0.00010320760948282685,0.009090868120425704,2.0290488790556062e-05,1.0,1.0
0.008813113988986215,1.141710412260325e-06,0.007764765579438852,4.33528171856547e-05,1.0,1.0
0.010721271066979914,1.2589343324904377e-06,0.003953079602601925,0.0,1.0,1.0
0.010142804134590254,6.411940518663872e-05,0.0095380906241416,0.0,1.0,1.0
0.010821214737239905,2.843353355930359e-06,0.008600140706636306,0.0,2.25,2.25
0.010170111750374373,1.5332461367384576e-06,0.00836074323683423,0.0,3.0,3.0
0.007119309766168257,1.394055302869258e-06,0.007178413064442248,0.0,3.0,3.0
0.0037958367599202777,1.5843658936720496e-05,0.0055052048542048905,0.0,3.0,3.0
0.002650094129425078,3.653691693248845e-05,0.0048831093539592006,0.0,3.0,3.0
0.002582442325449385,7.635847550626574e-05,0.004431249920482894,0.0,3.0,3.0
0.0024809646194858446,0.00010054769376582763,0.004141814891153974,0.0,2.375,2.375
0.0024809646194858446,0.00012140002584908597,0.0038364574327233282,0.0,2.0,2.0
0.002882537406248412,0.00014585905586211948,0.003570390308901753,0.0,2.0,2.0
0.004540690631421741,0.00016637347090180178,0.0039801873725896835,0.0,2.0,2.0
0.010046761581251649,0.00013441001284100626,0.006122201696512848,3.7684560915691228e-06,2.0,2.0
0.012849553334300599,0.003025374703085315,0.006811757285794226,3.7700133048301016e-05,2.0,2.0
0.01139964017982041,3.954285309177658e-05,0.00330798220264686,6.224181404132968e-05,1.375,1.375
0.010008823252913426,0.00012013152878787321,0.007070183773918954,5.029798832962094e-06,1.0,1.0
0.00528719129419603,2.0057540940581097e-05,0.004853623163835275,2.8543719073744634e-05,1.0,1.0
0.0051701103576325645,5.192728641174736e-07,0.0029646752384942182,0.00011417487629497854,1.0,1.0
0.0050682982423780444,7.629808709081939e-06,0.0031933264131242343,4.2589782687775006e-05,1.0,1.0
0.005167211822277409,4.149902499254492e-07,0.005100904319615737,0.00016677754025084838,1.0,1.0
0.00517841390129693,5.22086388512138e-07,0.0053965305004533655,0.0001489318762800293,2.25,2.25
0.005212686628651791,4.140282113197506e-05,0.004785157223289905,1.1492233866024846e-05,3.0,3.0
0.00669440576105281,7.507417457456267e-05,0.009416994050937677,1.1258651876878e-05,3.0,3.0
0.009192321561857507,1.1699018026228796e-06,0.008200791810278106,4.5034607507512e-05,3.0,3.0
0.010309895396238593,1.3164065623942177e-06,0.004487911401221283,0.0,3.0,3.0
0.009900557973788167,2.027300259442127e-05,0.01002598825181925,0.0,3.0,3.0
0.010821214737239905,1.8012730763747966e-06,0.00928452769726072,0.0,3.0,3.0
0.009865678632483749,1.4301269158042258e-06,0.009163511713310092,0.0,3.0,3.0
0.006645747138338401,1.3711314586793465e-06,0.007790463209734336,0.0,3.0,3.0
0.0035590554460053496,1.2899282822634165e-06,0.006052243647981009,0.0,3.0,3.0
0.002650094129425078,8.932454715351464e-06,0.005248886060422186,0.0,3.0,3.0
0.002582442325449385,1.9455764177948638e-05,0.004726396419623204,0.0,3.0,3.0
0.0024809646194858446,1.849981487261731e-05,0.004536457688419507,0.0,1.125,1.125
0.0024809646194858446,2.027530874452811e-05,0.0043691102808908755,0.0,0.0,0.0
0.002882537406248412,2.64700459762039e-05,0.004162561730617462,0.0,0.0,0.0
0.004540690631421741,3.755105626674536e-05,0.004596409479897042,0.0,0.0,0.0
0.010046761581251649,1.708250795071173e-05,0.006386466688665086,3.3324363784950095e-06,0.0,0.0
0.012864345678647743,0.0014545207124066696,0.007159366345523409,3.279491127621724e-05,0.0,0.0
0.011437527191523786,1.9632084202604175e-06,0.002738819376878163,5.286739021023625e-05,3.125,3.125
0.010008823252913426,9.573440980785875e-05,0.007224709380156766,4.266764335082395e-06,5.0,5.0
0.005297785519752942,8.722839776751244e-07,0.005322230919023165,0.0,5.0,5.0
0.005181312436652086,5.469250288335221e-07,0.0025381843040848434,2.620789918227617e-05,5.0,5.0
0.0050682982423780444,1.19798141212853e-06,0.0032198104972386734,0.00010483159672910467,5.0,5.0
0.0052120201383554976,5.428982458198648e-05,0.004127163691280737,3.7746849446130386e-05,5.0,5.0
0.0052120201383554976,3.0768161014862906e-07,0.005088630104239804,0.00015005306982793416,5.625,5.625
0.00519198448422009,0.00020037759043622192,0.0055083739994258325,0.00017546679024711104,6.0,6.0
0.006676789881379131,3.7957118587866384e-05,0.010859107637797495,0.0001420957100643316,6.0,6.0
0.00918692570066419,1.15035146953887e-06,0.009653662685457398,5.6822711893122846e-05,6.0,6.0
0.010309895396238593,1.418901370695287e-06,0.0044776135973026866,3.90860528505723e-06,6.0,6.0
0.009900557973788167,2.3289402679501973e-05,0.010467359645707925,0.0,6.0,6.0
0.010821214737239905,8.468820154536597e-07,0.009986645002574969,0.0,3.5,3.5
0.009865678632483749,1.3035612148044818e-06,0.009969292680206906,0.0,2.0,2.0
0.006645747138338401,1.3295069194683719e-06,0.00860480402987798,0.0,2.0,2.0
0.0035590554460053496,1.2702600638710747e-06,0.006751780799545971,0.0,2.0,2.0
0.002650094129425078,1.2896342718894232e-06,0.005963881590497323,0.0,2.0,2.0
0.002582442325449385,1.4237630612920743e-06,0.005447553058324203,0.0,2.0,2.0
0.0024809646194858446,1.7837824999206303e-06,0.005033157000446568,0.0,2.0,2.0
0.0024809646194858446,6.011037891230365e-06,0.004726471736999229,0.0,2.0,2.0
0.002882537406248412,1.0385859462949546e-05,0.004522100275181637,0.0,2.0,2.0
0.004540690631421741,1.1682359564033054e-05,0.00494547968233493,0.0,2.0,2.0
0.010046761581251649,1.2154249383509576e-06,0.006706849291858949,3.1767150523971115e-06,2.0,2.0
0.012864345678647743,0.0014738152989013892,0.007517731886218773,3.08795389652131e-05,2.0,2.0
0.011440535634270716,1.372082225173157e-06,0.003019600569429341,6.498250938065268e-05,3.25,3.25
0.010045671398752195,7.130025021891373e-05,0.008036272153906949,9.330821859786025e-05,4.0,4.0
0.005303393920575764,8.126178026593229e-07,0.006618790301199826,0.00013323516660936123,4.0,4.0
0.00519743724102073,4.1676531895855357e-07,0.0033012123283356824,0.00014541257431021682,4.0,4.0
0.0050682982423780444,3.3656289216199733e-07,0.004040902755434751,0.00013116407297225917,4.0,4.0
0.0052120201383554976,4.6880670626116866e-05,0.005383358758103615,0.00014415123156882385,4.0,4.0
0.005233519877513691,2.1586198887811671e-07,0.006122084293072252,0.00017275723917300765,3.375,3.375
0.005205100845841806,0.00027004523327317043,0.006206585473290122,0.00012273954923036292,3.0,3.0
0.006699702873831267,5.0389993831261076e-05,0.011249310617921,9.280991035434699e-06,3.0,3.0
0.009184709748165603,1.1764826274233785e-06,0.010185314771529886,0.0,3.0,3.0
0.010309895396238593,1.4078186785677891e-06,0.004935196517661688,0.0,3.0,3.0
0.009900557973788167,1.0692433455088944e-05,0.011079561154295686,0.0,3.0,3.0
0.010821214737239905,6.390402595910209e-07,0.010547992829782223,0.0,1.125,1.125
0.009865678632483749,1.1555421931772595e-06,0.01055229327307776,0.0,0.0,0.0
0.006645747138338401,1.2576974766891693e-06,0.009108475559993945,0.0,0.0,0.0
0.0035590554460053496,1.241410415612404e-06,0.0072364614849096285,0.0,0.0,0.0
0.002650094129425078,1.257608312218203e-06,0.0064374125129135805,0.0,0.0,0.0
0.002582442325449385,1.3630156609664108e-06,0.005897754411824428,0.0,0.0,0.0
0.0024809646194858446,3.3237856102895882e-06,0.005376767701943532,0.0,1.875,1.875
0.0024809646194858446,1.8363432072989485e-06,0.004980683866623355,0.0,3.0,3.0
0.002882537406248412,5.069380640997355e-06,0.004757703408280969,0.0,3.0,3.0
0.004540690631421741,1.8533955318927426e-06,0.005145422983883108,0.0,3.0,3.0
0.010046761581251649,1.223897510577806e-06,0.006800729159530017,0.0,3.0,3.0
0.012867935943975364,0.0011207731319001558,0.007663371444433589,0.0,3.0,3.0
0.011524793384956005,8.824882892637847e-07,0.0030315465741384976,0.0,2.375,2.375
0.010132208191941326,6.354931421111828e-05,0.00784540007671783,0.0,2.0,2.0
0.005374788150288193,1.0284889872753837e-06,0.005861443233614054,0.0,2.0,2.0
0.005254655046208409,8.378494362469305e-07,0.0027716055431513363,0.0,2.0,2.0
0.005098993824583524,4.900823231115858e-06,0.002787797688893796,0.0,2.0,2.0
0.005243394330355202,6.699484536087424e-07,0.003843672622590774,0.0,2.0,2.0
0.005274768522354905,6.537662586243747e-07,0.0038664168622959696,0.0,2.0,2.0
0.005311641207785659,4.929985417620213e-06,0.00405940528312038,0.0,2.0,2.0
0.006801291508282729,9.068583245920604e-05,0.009044808454151523,0.0,2.0,2.0
0.009249685343380382,1.1291664869576399e-06,0.007989945174285763,0.0,2.0,2.0
0.010309895396238593,1.1775015063514008e-06,0.004406867113035911,0.0,2.0,2.0
0.009900557973788167,2.1765452848402067e-05,0.010032917803218626,0.0,2.0,2.0
0.010821214737239905,1.4341369912331755e-06,0.009530471923967648,0.0,2.0,2.0
0.009865678632483749,1.2884538431435244e-06,0.009593189707693878,0.0,2.0,2.0
0.006645747138338401,1.2868636675071107e-06,0.008307705390154619,0.0,2.0,2.0
0.0035590554460053496,1.2576827446730495e-06,0.006528919047405195,0.0,2.0,2.0
0.002650094129425078,1.2852120680096434e-06,0.0058086982051553295,0.0,2.0,2.0
0.002582442325449385,1.4486091746660544e-06,0.00530795526876809,0.0,2.0,2.0
0.0024809646194858446,3.122036124803838e-06,0.004840428315711096,0.0,2.625,2.625
0.0024809646194858446,8.963349396713441e-06,0.004528196240916359,0.0,3.0,3.0
0.002882537406248412,1.3632994973481581e-05,0.00432156793563439,0.0,3.0,3.0
0.004540690631421741,1.4795100697470649e-05,0.004763079379454934,0.0,3.0,3.0
0.01004340095754579,1.2287695749774463e-06,0.006583423478575614,8.315518813627734e-06,3.0,3.0
0.012806981897124866,0.001807783883108867,0.007421942184184172,4.98931128817664e-05,3.0,3.0
0.011395868239588687,8.24543414583803e-07,0.003219885565027172,4.157759406813867e-06,2.375,2.375
0.00998458263428328,7.741289472930303e-05,0.007768106264075666,0.0,2.0,2.0
0.00528719129419603,1.0477778311158024e-06,0.005743363961966324,0.0,2.0,2.0
0.005136504120573998,9.010555937740778e-07,0.0028867669262274483,0.0,2.0,2.0
0.005023489926299957,1.1342372724152302e-05,0.002972035002183405,0.0,2.0,2.0
0.005167211822277409,7.469493520707884e-07,0.00525748805820064,0.0,2.0,2.0
0.005167211822277409,2.433365086070562e-06,0.004012530121419839,0.0,4.5,4.5
0.005182541043780579,9.020893584826602e-07,0.004499880324358142,0.0,6.0,6.0
0.006645768879770336,7.511014662885239e-05,0.008795262778355824,1.3501038972687724e-05,6.0,6.0
0.009048913728998315,1.0806093823921617e-06,0.007748312673705156,5.40041558907509e-05,6.0,6.0
0.010304294356728833,1.2122544109684117e-06,0.004084307954124758,4.500346324229241e-06,6.0,6.0
0.009900557973788167,4.149048475528981e-05,0.009526865999286298,0.0,6.0,6.0
0.010821214737239905,2.358197275977971e-07,0.008912495740561327,0.0,2.875,2.875
0.009865678632483749,1.0679854419973237e-06,0.008961932536073405,0.0,1.0,1.0
0.006645747138338401,1.2171950113720952e-06,0.0076772499445457165,0.0,1.0,1.0
0.0035590554460053496,1.2150011907851135e-06,0.0059833196367717854,0.0,1.0,1.0
0.0027177459334007717,5.244479414010054e-06,0.005215013166943075,0.0,1.0,1.0
0.0027177459334007717,1.423249595475408e-05,0.004711871008112046,0.0,1.0,1.0
0.0024809646194858446,4.19158150094241e-05,0.004232829870439082,0.0,2.875,2.875
0.0024809646194858446,6.914052570421698e-05,0.0039268402104550015,0.0,4.0,4.0
0.002882537406248412,8.78530586851774e-05,0.003765748390576689,0.0,4.0,4.0
0.004371561121482508,0.00010786228236491513,0.003909227048330241,0.0,4.0,4.0
0.008425840183298587,0.00010925490230385976,0.004800093453180304,3.3324363784950095e-06,4.0,4.0
0.011085434413649087,0.0024843893472063874,0.0057274845229887865,1.9994618270970054e-05,4.0,4.0
0.01413054560789062,3.08018985709991e-05,0.0038405072318424185,1.6662181892475048e-06,2.125,2.125
0.010456207299405636,7.66352979542054e-05,0.008179907335039331,1.8266111551283392e-05,1.0,1.0
0.005218039737877111,5.051117490801406e-06,0.005637209436061797,7.306444620513357e-05,1.0,1.0
0.005076457617312157,6.470285894663559e-07,0.002642013284037017,6.088703850427797e-06,1.0,1.0
0.004988318205873529,1.3688846522547311e-05,0.002846176580917765,2.3965512086466447e-05,1.0,1.0
0.005107165319015567,4.3825987088813534e-07,0.004695999239162884,0.00012085532118457836,1.0,1.0
0.005095963239996045,1.0290036735904081e-06,0.004694351216569843,0.00014211128219694137,2.875,2.875
0.005054053459273112,3.907850763083743e-07,0.005123491392001044,0.0001741743032404985,4.0,4.0
0.006556541460258942,6.945420951563526e-05,0.009631072687289851,0.00012836108910249701,4.0,4.0
0.008779959961368074,1.1422353460605977e-06,0.008074897372661444,9.748155013728391e-06,4.0,4.0
0.010721271066979914,1.3837160828746118e-06,0.0043778022577844146,0.0,4.0,4.0
0.010142804134590254,5.026253025289383e-05,0.009932981584656579,0.0,4.0,4.0
0.010821214737239905,1.4132747407555199e-06,0.009183249524592626,0.0,3.375,3.375
0.010170111750374373,1.3529331361692418e-06,0.00903690445263274,0.0,3.0,3.0
0.007119309766168257,1.3111581703921004e-06,0.007806790868277523,0.0,3.0,3.0
0.0037958367599202777,1.2499085712969477e-06,0.006070127992393607,0.0,3.0,3.0
0.0027177459334007717,1.756534345174852e-06,0.005381644756004698,0.0,3.0,3.0
0.0024809646194858446,8.8440161378526e-06,0.004833456377408256,0.0,3.0,3.0
0.0024809646194858446,1.663224673320311e-05,0.004458125350185607,0.0,3.625,3.625
0.002882537406248412,2.1409589718736403e-05,0.004213001384613496,0.0,4.0,4.0
0.004371561121482508,2.738131792291871e-05,0.0043569019024412665,0.0,4.0,4.0
0.008425840183298587,2.40504548350754e-05,0.0051429569087763005,0.0,4.0,4.0
0.011116803771805298,0.0015728454902941558,0.005962023341751097,1.5572132609789762e-06,4.0,4.0
0.014374911623986507,6.222035502462486e-06,0.003722096254487322,9.343279565873857e-06,4.0,4.0
0.010679310315052195,4.623755587444373e-05,0.007709533875675721,7.645917111406775e-06,5.875,5.875
0.005317636267715291,2.95582002646894e-05,0.005095768080533746,3.5738044339467504e-05,7.0,7.0
0.0051308000960441245,1.0154036321931636e-06,0.002457353447675977,3.5364313156832546e-05,7.0,7.0
0.005065800077411432,1.7915017840445254e-05,0.0024390882156780673,2.7562674719327883e-06,7.0,7.0
0.005182209942179233,9.269381596660021e-07,0.004578188720936776,1.0838204296413676e-05,7.0,7.0
0.005107165319015567,7.490202924541864e-07,0.0036595671648090773,5.4658185460362065e-05,7.0,7.0
0.005076457617312157,5.9520596379879e-07,0.004443979624642239,6.065345651513113e-05,7.0,7.0
0.0064952404267951775,0.00013267279408046256,0.008333784047376386,6.421947488277297e-05,7.0,7.0
0.008620837680773133,1.0632047997552152e-06,0.007394611132345752,7.14916608115448e-05,7.0,7.0
0.010628594521121306,1.0802684855076262e-06,0.0036983088814613397,6.381459943491845e-05,7.0,7.0
0.010142804134590254,0.00010341958246917271,0.00916278770290114,4.9519381699131445e-06,7.0,7.0
0.010821214737239905,1.7035780379948452e-06,0.008259323638914478,0.0,7.0,7.0
0.010170111750374373,3.4904573609852365e-07,0.00840707054583046,0.0,2.625,2.625
0.007119309766168257,8.019069933800219e-07,0.007452170355290512,0.0,0.0,0.0
0.0037958367599202777,1.6775458196368194e-06,0.00576234314440735,0.0,0.0,0.0
0.0027177459334007717,1.0829568179650377e-05,0.005171663420448837,0.0,0.0,0.0
0.002582442325449385,2.7391036180594002e-05,0.0046456476488708955,0.0,0.0,0.0
0.0024809646194858446,5.2227364017008546e-05,0.004370442189332123,0.0,0.0,0.0
0.0024809646194858446,7.199489097274853e-05,0.004154723690361132,0.0,0.0,0.0
0.002882537406248412,9.562050440393405e-05,0.003906676476661396,0.0,0.0,0.0
0.004540690631421741,0.00011551990355275931,0.004337631623094426,0.0,0.0,0.0
0.010046761581251649,8.634422930983162e-05,0.006467812886430679,0.0,0.0,0.0
0.012881825490389662,0.0030472861524095183,0.0070181870138158004,5.605967739524315e-06,0.0,0.0
0.011636929247519402,6.003831035410094e-05,0.0034317372404345102,3.43832688024158e-05,0.0,0.0
0.010125385906616132,0.00016253088162137552,0.00722738827946296,7.768936959024112e-05,0.0,0.0
0.005303393920575764,2.086287536181393e-05,0.005244570814501294,0.00013521282745080452,0.0,0.0
0.005186687371441635,5.977141073321585e-07,0.002834555901240041,0.00010831975443369759,0.0,0.0
0.0050682982423780444,6.902197702799437e-06,0.0033792637649268545,9.3697521913105e-05,0.0,0.0
0.0052120201383554976,5.881342337912325e-07,0.005519602531424494,3.249904075663124e-05,0.0,0.0
0.0052120201383554976,4.894969814654248e-07,0.005082740611901973,0.00010090741931143766,0.0,0.0
0.0051701103576325645,2.4161866844040616e-06,0.005219330335817406,3.592490993078498e-05,2.5,2.5
0.006591326051296314,8.862424489071854e-05,0.009938595848415109,0.00014047620827291346,4.0,4.0
0.009011226406260179,1.0887327385258842e-06,0.008769793980494081,0.0001462378973385357,4.0,4.0
0.01022550735728452,1.1334026790422183e-06,0.004452497083900201,7.180310346374059e-05,4.0,4.0
0.009900557973788167,2.015822398964029e-05,0.010074284875832723,5.138803761230622e-06,4.0,4.0
0.010821214737239905,1.8622145780041063e-06,0.009204522430390005,0.0,4.0,4.0
0.009865678632483749,1.2612758044178765e-06,0.0090847310812474,0.0,3.375,3.375
0.006645747138338401,1.3544919264421142e-06,0.007759235865276268,0.0,3.0,3.0
0.0035590554460053496,1.3018505960270347e-06,0.0060000447757315905,0.0,3.0,3.0
0.002650094129425078,1.0143072792838513e-05,0.005191709004839668,0.0,3.0,3.0
0.002582442325449385,2.2027313906096938e-05,0.004667977724501521,0.0,3.0,3.0
0.0024809646194858446,3.6185579503170683e-05,0.004347679250080816,0.0,3.0,3.0
0.0024809646194858446,3.500328045631472e-05,0.004252049223702453,0.0,1.125,1.125
0.002882537406248412,4.910453785568314e-05,0.004147770597178437,0.0,0.0,0.0
0.004540690631421741,7.143438920723742e-05,0.004564055969201578,0.0,0.0,0.0
0.010046761581251649,5.170027608717069e-05,0.006620098514855864,0.0,0.0,0.0
0.012881825490389662,0.0027088591098927656,0.0071740728311308856,0.0,0.0,0.0
0.011672371945169072,4.7319937703667785e-05,0.0033934758354437398,0.0,0.0,0.0
0.010225534995636791,0.00017917534361614428,0.007007610872289696,0.0,0.625,0.625
0.005452588375549934,6.705828476156114e-05,0.0043826997620316525,0.0,1.0,1.0
0.005268301439281641,4.724873575517792e-06,0.002339406294640975,0.0,1.0,1.0
0.005134578034896425,2.447116209790047e-05,0.0024427327314898526,0.0,1.0,1.0
0.0052332085894693245,6.708774698386597e-07,0.004522994406873697,0.0,1.0,1.0
0.0052356529035230345,5.630892159403527e-07,0.0035249575297887207,0.0,1.0,1.0
0.005238763707873038,1.96784266459165e-06,0.0037301601617343604,0.0,3.5,3.5
0.006675914464641546,0.00012565415058661883,0.007661134331318306,0.0,5.0,5.0
0.009092838552599316,1.096290691032188e-06,0.006789386346141366,0.0,5.0,5.0
0.010251423638466421,1.1127894111076397e-06,0.0036137612958825095,0.0,5.0,5.0
0.009900557973788167,2.02681607234104e-05,0.008935817366698864,0.0,5.0,5.0
0.010821214737239905,1.4153853014363685e-06,0.00824852644456096,0.0,5.0,5.0
0.009865678632483749,5.021155043400467e-07,0.00848587664170623,0.0,1.875,1.875
0.006645747138338401,9.349338744976831e-07,0.007332233504635231,0.0,0.0,0.0
0.0035590554460053496,1.119582550687664e-06,0.005675386750005693,0.0,0.0,0.0
0.002650094129425078,1.1499682552010172e-06,0.005020739182749286,0.0,0.0,0.0
0.002582442325449385,5.707610897657626e-06,0.004581136523910951,0.0,0.0,0.0
0.0024809646194858446,1.2164203658906736e-05,0.004259363391689188,0.0,0.0,0.0
0.0024809646194858446,1.617849872111908e-05,0.004061989172054005,0.0,0.0,0.0
0.002882537406248412,2.0654856312836458e-05,0.003931666471416009,0.0,0.0,0.0
0.004540690631421741,3.060339349109121e-05,0.004452485304004251,0.0,0.0,0.0
0.010046761581251649,1.6112707937698658e-05,0.006272509040556865,0.0,0.0,0.0
0.012881825490389662,0.0017694392012651031,0.007021482061046056,0.0,0.0,0.0
0.011672371945169072,5.353959772115698e-06,0.0030584288153290644,0.0,0.0,0.0
0.01021433291661727,9.734821892310079e-05,0.006928816936016153,0.0,0.0,0.0
0.005447291262771479,2.4399892155958947e-05,0.0049044693308927184,0.0,0.0,0.0
0.005268301439281641,9.434161914630872e-07,0.002626435402816636,0.0,0.0,0.0
0.005118008086766829,1.6313625094547238e-05,0.0026693009255390355,0.0,0.0,0.0
0.0052332085894693245,7.4173553598451e-07,0.0041956993772342115,0.0,0.0,0.0
0.0052356529035230345,6.33177745234985e-07,0.003568853866466922,0.0,0.0,0.0
0.005238763707873038,2.7065295078021595e-06,0.003724360147257152,0.0,1.25,1.25
0.006675914464641546,0.0001069276560577752,0.008140323648862226,0.0,2.0,2.0
0.009092838552599316,1.097137764224935e-06,0.007213807912839316,0.0,2.0,2.0
0.010251423638466421,1.113058295486502e-06,0.003936704114696868,0.0,2.0,2.0
0.009900557973788167,5.082695082035573e-05,0.00943606937681187,0.0,2.0,2.0
0.010821214737239905,1.3529380725251871e-06,0.008857521274458638,0.0,2.0,2.0
0.009865678632483749,7.948146124741866e-07,0.009010874089485975,0.0,0.75,0.75
0.006645747138338401,1.0744804872553608e-06,0.007806739144593325,0.0,0.0,0.0
0.0035590554460053496,1.1651803556952341e-06,0.006075786767277794,0.0,0.0,0.0
0.002650094129425078,1.1982420538600737e-06,0.005374981806977665,0.0,0.0,0.0
0.002582442325449385,1.277546945535952e-06,0.004912312443222685,0.0,0.0,0.0
0.0024809646194858446,2.0329269245419383e-06,0.004572784402027077,0.0,0.0,0.0
0.0024809646194858446,9.511755083013204e-06,0.004241481109663404,0.0,1.25,1.25
0.002882537406248412,1.212844003643554e-05,0.004048384513156475,0.0,2.0,2.0
0.004540690631421741,1.1007316371186686e-05,0.0044937945377642825,0.0,2.0,2.0
0.010046761581251649,1.2067984258249054e-06,0.006199788542995864,0.0,2.0,2.0
0.012881825490389662,0.001170428997472099,0.007087239230616962,0.0,2.0,2.0
0.011661169866149549,1.1687049318509284e-06,0.0028048068248793727,0.0,2.0,2.0
0.010211888602563559,7.292268893053018e-05,0.007115528349403254,0.0,1.375,1.375
0.005447291262771479,1.0769152028942606e-05,0.005261025283049156,0.0,1.0,1.0
0.005265857125227931,9.324428660606554e-07,0.002785950068309756,0.0,1.0,1.0
0.005118008086766829,1.914491033562143e-05,0.002755207597694975,0.0,1.0,1.0
0.0052332085894693245,7.562520579271063e-07,0.004323465637441816,0.0,1.0,1.0
0.0052356529035230345,6.677906017288587e-07,0.003688893488399498,0.0,1.0,1.0
0.005238763707873038,3.276221787297816e-07,0.004054057566221656,0.0,0.375,0.375
0.006675914464641546,0.00014025740172801316,0.008672644630893171,0.0,0.0,0.0
0.009092838552599316,1.0731212681151971e-06,0.0076708592186226785,0.0,0.0,0.0
0.010251423638466421,1.0488599373036008e-06,0.004342325693742813,0.0,0.0,0.0
0.009900557973788167,6.766391230802708e-05,0.00986843572578092,0.0,0.0,0.0
0.010821214737239905,1.2739852043848807e-06,0.009117721865174604,0.0,0.0,0.0
0.009865678632483749,2.25735234085879e-06,0.008982700226712171,0.0,2.5,2.5
0.006645747138338401,1.373046989467287e-06,0.007557941413973439,0.0,4.0,4.0
0.0035590554460053496,1.260862933658761e-06,0.005872203226953936,0.0,4.0,4.0
0.002650094129425078,1.2836274311861842e-06,0.00514953697007556,0.0,4.0,4.0
0.002582442325449385,5.776249816552954e-06,0.004663122239627486,0.0,4.0,4.0
0.0024809646194858446,1.2350398812328302e-05,0.00433275213908924,0.0,4.0,4.0
0.0024809646194858446,1.526861880850341e-05,0.004143148531978826,0.0,3.375,3.375
0.002882537406248412,2.0050440362244438e-05,0.003978685137761584,0.0,3.0,3.0
0.004540690631421741,3.4227248198060956e-05,0.004445276374247659,0.0,3.0,3.0
0.010046761581251649,2.2624328850414604e-05,0.006237226417344287,0.0,3.0,3.0
0.012881825490389662,0.0018349195200017532,0.00691490547860041,0.0,3.0,3.0
0.011661169866149549,1.6550672325066248e-05,0.0030183385118626948,0.0,3.0,3.0
0.010209444288509848,0.00010876668336137292,0.006815195639316387,0.0,3.0,3.0
0.005447291262771479,3.400089002512377e-05,0.004573193022904422,0.0,3.0,3.0
0.005254655046208409,1.029068308285251e-06,0.0023968948429311347,0.0,3.0,3.0
0.005113299542074868,2.1656908527710882e-05,0.0024552784456175814,0.0,3.0,3.0
0.0052332085894693245,8.798072660252173e-07,0.004816199477802803,0.0,3.0,3.0
0.0052356529035230345,8.882977909285041e-07,0.0035507986881460085,0.0,3.0,3.0
0.005238763707873038,2.3042931888014752e-06,0.00414480458418334,0.0,4.875,4.875
0.006664712385622025,0.00015234476879113045,0.007493202040640318,0.0,6.0,6.0
0.009092838552599316,0.0006118000440143577,0.006669949112862404,0.0,6.0,6.0
0.010251423638466421,1.486500808965822e-06,0.0030406753616991017,0.0,6.0,6.0
0.009900557973788167,0.00014226958119888152,0.007955055918188503,0.0,6.0,6.0
0.010821214737239905,2.7586498933889527e-05,0.007089055839822552,0.0,6.0,6.0
0.009865678632483749,4.7162515454995276e-05,0.007183276265889828,0.0,5.375,5.375
0.006645747138338401,7.623969459878656e-05,0.0060086019109561245,0.0,5.0,5.0
0.0035590554460053496,0.0001376708763662153,0.004469154759263618,0.0,5.0,5.0
0.002650094129425078,0.0001900825849497634,0.003804376195985885,0.0,5.0,5.0
0.0027177459334007717,0.0002514410442874726,0.0034043037898811093,0.0,5.0,5.0
0.0024809646194858446,0.000312970516203813,0.0030368568194248137,0.0,5.0,5.0
0.0024809646194858446,0.0003054449406098106,0.0029752364243006454,0.0,3.125,3.125
0.002882537406248412,0.0003087442859445105,0.0029120445107847647,0.0,2.0,2.0
0.004371561121482508,0.0003358749953107865,0.0030946671505158105,0.0,2.0,2.0
0.008425840183298587,0.00026778245948246785,0.003973848594775867,0.0,2.0,2.0
0.011116803771805298,0.00368114678363698,0.005004152906851048,7.1008924700641315e-06,2.0,2.0
0.014312706171641891,0.00014876837248639952,0.0034583108167534214,5.0220127666571986e-05,2.0,2.0
0.010565028526276176,0.0003043997139127345,0.007207156594787832,0.00010766572486408642,4.5,4.5
0.005263702273654358,0.0001686708576987592,0.0038024278428141285,7.9402304177318e-05,6.0,6.0
0.00508705184286907,6.78975736945185e-05,0.002030150252992141,3.035008645648025e-05,6.0,6.0
0.004988318205873529,2.9365894005710255e-05,0.0022109869568122218,0.00012384517064565798,6.0,6.0
0.005095963239996045,9.129357489412859e-07,0.0051851719377084635,0.00015055137807144743,6.0,6.0
0.005073559081957,4.164131118200309e-07,0.004027946204333072,0.00018406260744771499,6.0,6.0
0.005076457617312157,0.0,0.004949346451273892,0.000129326561324304,4.125,4.125
0.006484038347775656,7.449703175025222e-05,0.00806013718516597,9.76372714633818e-06,3.0,3.0
0.008597101062712588,1.0587428236067879e-06,0.007095348903518094,1.7939096766477805e-05,3.0,3.0
0.010631508093236293,1.0984151038811141e-06,0.0035722621665223737,7.175638706591122e-05,3.0,3.0
0.010142804134590254,0.00011733118940186513,0.008847968650316547,5.979698922159269e-06,3.0,3.0
0.010821214737239905,1.5890946528067794e-06,0.007860865252405438,0.0,3.0,3.0
0.010170111750374373,1.3722649552318725e-06,0.00766894195055705,0.0,3.0,3.0
0.007119309766168257,1.3009939997337904e-06,0.006555398168851229,0.0,3.0,3.0
0.0037958367599202777,3.548050119238962e-05,0.004959630717903666,0.0,3.0,3.0
0.0027177459334007717,7.631399102178827e-05,0.004389081792284243,0.0,3.0,3.0
0.0027177459334007717,0.00010243745891563005,0.00398753464963189,0.0,3.0,3.0
0.0024809646194858446,0.000119472732241345,0.0037027127581223795,0.0,3.0,3.0
0.0024809646194858446,0.00013134922408478985,0.003481618515273836,0.0,3.0,3.0
0.002882537406248412,0.0001509515227006156,0.0033439269910110203,0.0,3.0,3.0
0.004371561121482508,0.00017802152475017606,0.003487319881583635,0.0,3.0,3.0
0.008425840183298587,0.0001720347302801348,0.004387993543192546,0.0,3.0,3.0
0.011111202732295539,0.003053940387982649,0.005344932849768743,1.1865965048659799e-05,3.0,3.0
0.014203700298605905,9.643496018672262e-05,0.0035586508445702,6.988773115273646e-05,3.0,3.0
0.010434488816840294,0.00011581397185887877,0.007744390419644964,9.365080551527563e-05,2.375,2.375
0.005244116817098359,2.0868047170664267e-05,0.0045564614338522305,7.474623652699086e-06,2.0,2.0
0.0050534456058105035,7.065715422004938e-07,0.0022510082934242377,0.0,2.0,2.0
0.004943509889795443,1.802716595385216e-05,0.002513751814548945,3.676580509171363e-05,2.0,2.0
0.005046232198568834,4.2616319940924514e-07,0.005175410458147432,0.00014706322036685452,2.0,2.0
0.0050623570029374775,3.6888202384408753e-07,0.004129385206785782,1.2255268363904543e-05,2.0,2.0
0.005031649301234068,5.96377426117728e-07,0.004271806407442768,0.0,2.625,2.625
0.006442690683884922,9.983841277864814e-05,0.00835107423299559,3.097297176087184e-05,3.0,3.0
0.008529397768243506,1.0265727735255815e-06,0.007771064269763082,0.00012389188704348735,3.0,3.0
0.010601041533012927,1.0013874617213805e-06,0.003988034745771016,1.0324323920290613e-05,3.0,3.0
0.010139443510884395,4.6037730013952405e-05,0.009748897388163081,0.0,3.0,3.0
0.010821214737239905,1.6614191839773662e-06,0.008923856857784528,0.0,3.0,3.0
0.010170111750374373,1.4315098317734319e-06,0.008760070455493743,0.0,3.0,3.0
0.007119309766168257,1.3684282969770072e-06,0.007522192747159716,0.0,3.0,3.0
0.0037958367599202777,1.284441730305008e-06,0.005766228683400904,0.0,3.0,3.0
0.0027177459334007717,6.077734798868394e-06,0.005107885710805756,0.0,3.0,3.0
0.002582442325449385,1.780339044347092e-05,0.004546943091658568,0.0,3.0,3.0
0.0024809646194858446,3.0609161464666545e-05,0.004202458872079557,0.0,3.0,3.0
0.0024809646194858446,5.517874171272558e-05,0.003980289965940394,0.0,3.0,3.0
0.002882537406248412,7.509082783257385e-05,0.003827801421491612,0.0,3.0,3.0
0.004540690631421741,9.50188551376786e-05,0.00428456454834189,0.0,3.0,3.0
0.010046761581251649,7.46080881970886e-05,0.00624768601943037,0.0,3.0,3.0
0.012881825490389662,0.0025883886889556517,0.0068324316721475875,7.1008924700641315e-06,3.0,3.0
0.011590615133510158,5.178882377073163e-05,0.003179594394946549,2.8403569880256526e-05,3.0,3.0
0.0100995841957747,0.00014943087493897485,0.006931640001280907,2.366964156688044e-06,1.125,1.125
0.005321009800249444,1.9190648131789673e-05,0.0047894529659958315,0.0,0.0,0.0
0.005174799616948412,6.706580864449389e-07,0.0025792454758323635,0.0,0.0,0.0
0.005045894084339001,1.6085283194288674e-05,0.002848844423110558,2.5413720419176892e-05,0.0,0.0
0.005200818059335976,5.091641272365344e-07,0.005121682274992281,0.00010165488167670757,0.0,0.0
0.005200818059335976,4.2635281605380306e-07,0.0045171345994410314,3.659451163300594e-05,0.0,0.0
0.005136504120573998,8.687811377319058e-07,0.00534368343689381,0.0001469230711733664,1.25,1.25
0.006541672831880193,8.041430411370509e-05,0.010542801343853391,0.00017816076918860467,2.0,2.0
0.008961926647869628,9.993951552675493e-07,0.00931333811459994,0.00015442883909128508,2.0,2.0
0.010205987503042975,9.75594492600786e-07,0.004756592383424773,8.510170471250105e-05,2.0,2.0
0.009897197350082314,1.2801808367717599e-05,0.01060603024746033,6.228853043915905e-06,2.0,2.0
0.010821214737239905,1.6438090419678835e-06,0.00980614120667982,0.0,2.0,2.0
0.009865678632483749,1.6593213525853846e-06,0.009678799894173943,0.0,2.625,2.625
0.006645747138338401,1.4456177046039673e-06,0.008270452324714524,0.0,3.0,3.0
0.0035590554460053496,1.3461100017897344e-06,0.006423788635399946,0.0,3.0,3.0
0.002650094129425078,1.3622840170221086e-06,0.005648464378081955,0.0,3.0,3.0
0.002582442325449385,4.996602452081533e-06,0.00507894226689013,0.0,3.0,3.0
0.0024809646194858446,1.388260558128574e-05,0.004696484067524806,0.0,3.0,3.0
0.0024809646194858446,1.2298867509536322e-05,0.004564469294149477,0.0,1.125,1.125
0.002882537406248412,1.542898950295867e-05,0.004423906316405148,0.0,0.0,0.0
0.004540690631421741,1.744095212738252e-05,0.004833283683685826,0.0,0.0,0.0
0.010046761581251649,1.1662243218348664e-06,0.006621185107527872,0.0,0.0,0.0
0.012881825490389662,0.0017855694781557972,0.007305298921064979,6.820594083087916e-06,0.0,0.0
0.011590615133510158,1.1085918595125185e-06,0.0031787605421822094,2.7282376332351665e-05,0.0,0.0
0.010104881308553157,8.112768796079377e-05,0.007326919102355894,2.2735313610293053e-06,0.0,0.0
0.005318565486195733,2.4891793220867213e-06,0.005567431978802133,1.9480737894846994e-05,0.0,0.0
0.005181312436652086,6.531167369139973e-07,0.0029866374663915407,9.992637495702091e-05,0.0,0.0
0.0050682982423780444,1.3044565429822654e-06,0.003509437029727412,9.450727280881408e-05,0.0,0.0
0.005200818059335976,4.46681079763177e-05,0.004346170472062758,3.2748194878387874e-05,0.0,0.0
0.00517841390129693,4.441931613166992e-06,0.005593927220476936,0.00012814307924595997,0.0,0.0
0.0051701103576325645,0.0004379322671746249,0.006164192063290579,0.00011442403041673519,3.125,3.125
0.006585265441033066,0.00012524535527938356,0.011644589469785882,3.942863976798768e-05,5.0,5.0
0.008970891847986797,1.1770191423313946e-05,0.011234519672258735,0.00014150396902515958,5.0,5.0
0.010166947794559882,2.1132579274524754e-06,0.005779511242740227,8.662777370826046e-05,5.0,5.0
0.009897197350082314,9.666365300306968e-06,0.011959064784061182,6.3690022374040134e-06,5.0,5.0
0.010821214737239905,1.9658362154003464e-06,0.010862009470152317,0.0,5.0,5.0
0.009865678632483749,1.2427965183334301e-06,0.010718960284926474,0.0,3.125,3.125
0.006645747138338401,1.3316581952421447e-06,0.009163452447609282,0.0,2.0,2.0
0.0035590554460053496,4.096651412709497e-06,0.007368038943970196,0.0,2.0,2.0
0.002650094129425078,8.038894518992207e-06,0.006616249555366895,0.0,2.0,2.0
0.002582442325449385,1.6358704503124097e-05,0.006080067281754687,0.0,2.0,2.0
0.0024809646194858446,1.836023012998747e-05,0.00569464193589119,0.0,2.0,2.0
0.0024809646194858446,8.27449622137761e-06,0.0054574966888130665,0.0,1.375,1.375
0.002882537406248412,1.3812245814911782e-06,0.0053536587312948405,0.0,1.0,1.0
0.004540690631421741,1.3511781403759723e-06,0.005663928468404029,0.0,1.0,1.0
0.010046761581251649,1.275748420488013e-06,0.007444382529686653,0.0,1.0,1.0
0.012876224450879898,0.0014178454227739758,0.008337781348606943,9.343279565873857e-06,1.0,1.0
0.011528254037143361,1.2137583147602903e-06,0.003608160934212526,3.737311826349543e-05,1.0,1.0
0.0100995841957747,5.08063759177941e-05,0.008271718349333294,3.1144265219579525e-06,2.25,2.25
0.005321009800249444,1.2217949494810824e-06,0.006269652981537273,0.0,3.0,3.0
0.005174799616948412,1.0976898784173867e-06,0.003106082580373723,0.0,3.0,3.0
0.005034692005319477,4.19855715597113e-06,0.0033277532957481167,3.218759810443544e-05,3.0,3.0
0.005151087017908765,5.674007257511764e-07,0.006089493146827802,0.00016290007923101072,3.0,3.0
0.005151087017908765,2.9306505101921993e-07,0.006212656794419537,0.00014732794662122094,3.0,3.0
0.005136504120573998,3.958335447811614e-09,0.006308467969463394,4.5859930535830854e-05,1.125,1.125
0.006525095818071125,8.222021581481277e-05,0.012048357957334773,0.00013790680639229813,0.0,0.0
0.008972718370256257,9.921936420866943e-07,0.0106712844435616,1.1492233866024846e-05,0.0,0.0
0.010203840050041092,9.96498420455171e-07,0.005459850855819907,0.0,0.0,0.0
0.009897197350082314,4.6807096483093664e-05,0.011738617922197858,0.0,0.0,0.0
0.010821214737239905,1.4244247217457258e-06,0.010909316553304066,0.0,0.0,0.0
0.009865678632483749,1.305077428341575e-06,0.010863169478248568,0.0,0.0,0.0
0.006645747138338401,1.2878819643202646e-06,0.00934334240464194,0.0,0.0,0.0
0.0035590554460053496,1.2583826505986713e-06,0.007499785415014517,0.0,0.0,0.0
0.002650094129425078,1.2825140721901147e-06,0.0066941889219404305,0.0,0.0,0.0
0.002582442325449385,1.4274261996033826e-06,0.00614945757707599,0.0,0.0,0.0
0.0024809646194858446,1.4949585660139971e-06,0.005758398782145137,0.0,0.0,0.0
0.0024809646194858446,3.833202493203213e-06,0.0052857911371001105,0.0,1.875,1.875
0.002882537406248412,1.7822727386844556e-06,0.004953971453854107,0.0,3.0,3.0
0.004540690631421741,7.944974026712356e-06,0.005348748699113099,0.0,3.0,3.0
0.010046761581251649,1.3159260207901959e-06,0.007128929697489803,0.0,3.0,3.0
0.012881825490389662,0.0020061243708939178,0.007837544465145563,0.0,3.0,3.0
0.01165579493136,1.305975156770004e-06,0.00345497876611493,0.0,3.0,3.0
0.010198242209490324,8.167895396708907e-05,0.007796135898953871,0.0,1.75,1.75
0.005441838505970839,9.01909025505244e-06,0.005495306276988943,0.0,1.0,1.0
0.005257099360262118,9.437123219192389e-07,0.0028006817672870596,0.0,1.0,1.0
0.005134578034896425,1.2474811046096949e-05,0.002869144938439742,0.0,1.0,1.0
0.005285362747911819,7.710048006174784e-07,0.005051448813726022,0.0,1.0,1.0
0.0052694714095764495,7.50153268445078e-07,0.003965310929470878,0.0,1.0,1.0
0.005249357933429952,2.3739445294767346e-06,0.00449824543845902,0.0,2.875,2.875
0.006655954620656212,0.00010336361557792421,0.008851841038641929,0.0,4.0,4.0
0.00908208868302022,1.1753620360257463e-06,0.007833758094990274,0.0,4.0,4.0
0.01022924558514759,1.2788217241671266e-06,0.003830526399487511,0.0,4.0,4.0
0.009897197350082314,2.54573161176701e-05,0.00943501160067719,0.0,4.0,4.0
0.010821214737239905,1.571236521222239e-06,0.008630974251083706,0.0,4.0,4.0
0.009865678632483749,1.5599905704363829e-06,0.008525755378212357,0.0,4.625,4.625
0.006645747138338401,1.327034618277537e-06,0.007230865580613988,0.0,5.0,5.0
0.0035590554460053496,2.4980681971875767e-06,0.005578644359159824,0.0,5.0,5.0
0.002650094129425078,1.5234375254178332e-05,0.004823982562629327,0.0,5.0,5.0
0.002582442325449385,3.623618712502895e-05,0.004374457677313087,0.0,5.0,5.0
0.0024809646194858446,7.028964319841214e-05,0.00407511407872254,0.0,5.0,5.0
0.0024809646194858446,7.19282726812728e-05,0.00396353104214493,0.0,3.125,3.125
0.002882537406248412,7.704878754110367e-05,0.0038184846178930826,0.0,2.0,2.0
0.004540690631421741,9.188988436327182e-05,0.004271073871495708,0.0,2.0,2.0
0.010046761581251649,6.506520706237014e-05,0.0063234159672342395,0.0,2.0,2.0
0.012881825490389662,0.0026410849329708682,0.006895010267866867,0.0,2.0,2.0
0.011633390773320956,5.4541593548431154e-05,0.0031995386129407733,0.0,2.0,2.0
0.01019286727470078,0.00017253355090563691,0.006776121131504237,0.0,2.0,2.0
0.005436541393192382,6.947698236243296e-05,0.004252182889883578,0.0,2.0,2.0
0.005257099360262118,1.2894709591455977e-05,0.002319888711980365,0.0,2.0,2.0
0.005134578034896425,7.997893535833072e-06,0.002376026199719378,0.0,2.0,2.0
0.005285362747911819,1.3070404332939983e-06,0.005313142749787072,0.0,2.0,2.0
0.005264174296797992,9.199785531363751e-07,0.0033917342716270134,0.0,2.0,2.0
0.005244060820651496,1.5917910025633067e-06,0.004206488308216186,0.0,2.625,2.625
0.006655954620656212,0.00016134823264634144,0.007021674657899786,0.0,3.0,3.0
0.00908208868302022,0.0010942800319329372,0.006498112202164582,0.0,3.0,3.0
0.010226302744715114,1.178447993905045e-06,0.0030338483825513816,0.0,3.0,3.0
0.009897197350082314,6.297212607714569e-05,0.007954145482216587,0.0,3.0,3.0
0.010821214737239905,2.280146490289382e-06,0.007185550840220487,0.0,3.0,3.0
0.009865678632483749,3.9556803414923805e-07,0.007492785885850655,0.0,1.125,1.125
0.006645747138338401,2.5088685225756476e-06,0.00651845672723659,0.0,0.0,0.0
0.0035590554460053496,4.041043444554559e-05,0.0049986895948026,0.0,0.0,0.0
0.002650094129425078,7.477120043606855e-05,0.0043513048365754915,0.0,0.0,0.0
0.0027177459334007717,9.667261781983395e-05,0.004003870760452436,0.0,0.0,0.0
0.0024809646194858446,0.00011924227039482463,0.00373551184768905,0.0,0.0,0.0
0.0024809646194858446,0.00014591001959086663,0.0034401604828773994,0.0,0.625,0.625
0.002882537406248412,0.00016390426669298308,0.003244220570162164,0.0,1.0,1.0
0.004371561121482508,0.00017726217477141248,0.003453958770423613,0.0,1.0,1.0
0.008425840183298587,0.00015337968719800446,0.004413984361780694,0.0,1.0,1.0
0.011116803771805298,0.0028697246772463733,0.005357104096182845,0.0,1.0,1.0
0.014335930452138393,9.536759659803489e-05,0.003464465646917077,0.0,1.0,1.0
0.010629049242173465,0.00012310690450185102,0.007354760569220996,0.0,1.0,1.0
0.005361484870632399,9.411097565720924e-05,0.004107774486695235,0.0,1.0,1.0
0.005152244540922188,3.109811510049328e-05,0.002162666310917591,0.0,1.0,1.0
0.005054597998391908,1.0431400998231875e-05,0.002147151285585158,0.0,1.0,1.0
0.005180507928571889,1.0551024657380647e-06,0.00476584255534635,0.0,1.0,1.0
0.005159319477458061,6.709065209033317e-07,0.0032561567580916516,0.0,1.0,1.0
0.005139206001311566,1.9640086401306934e-07,0.003928235545076805,0.0,0.375,0.375
0.006552283213345093,0.0001434121925372405,0.007093011435304539,0.0,0.0,0.0
0.008680929161550313,0.00018254881459127357,0.006369918786742485,0.0,0.0,0.0
0.010637678415456438,1.0295347918504115e-06,0.0031810246075425004,0.0,0.0,0.0
0.010139443510884395,3.133961535748585e-05,0.008470911505650413,0.0,0.0,0.0
0.010821214737239905,1.1728034844795955e-06,0.007672694106870261,0.0,0.0,0.0
0.010170111750374373,2.1586314971573425e-06,0.007472357750723538,0.0,1.875,1.875
0.007119309766168257,1.4058706149562982e-06,0.006321183543492661,0.0,3.0,3.0
0.0037958367599202777,1.882941049950988e-05,0.00477393009529536,0.0,3.0,3.0
0.0027177459334007717,4.9936282039066395e-05,0.004264775243202469,0.0,3.0,3.0
0.0027177459334007717,7.597221908436481e-05,0.003862025569100714,0.0,3.0,3.0
0.0024809646194858446,9.611325194265366e-05,0.0035844480406611885,0.0,3.0,3.0
0.0024809646194858446,0.00011154264302051854,0.0034034002771372385,0.0,3.0,3.0
0.002882537406248412,0.000126779152600637,0.003304098582255377,0.0,3.0,3.0
0.004371561121482508,0.00014865306842658493,0.0034609678345295593,0.0,3.0,3.0
0.008425840183298587,0.00014613571143381194,0.004358094546508271,0.0,3.0,3.0
0.011111202732295539,0.002674830612762088,0.005270377015118697,7.708205641845932e-06,3.0,3.0
0.014244517931045118,8.076500203195282e-05,0.0034276250002458716,6.213280911306116e-05,3.0,3.0
0.010463652160819561,6.359701210138e-05,0.007881547617982914,0.00014486754966887416,1.75,1.75
0.00524663895316316,4.982699257211079e-06,0.005025923327814543,7.882613527075579e-05,1.0,1.0
0.005086443989406462,6.798364316130078e-07,0.00244728983455152,2.8497002675915264e-05,1.0,1.0
0.004988318205873529,4.399680575358835e-06,0.0028299258128219973,9.119040856292886e-05,1.0,1.0
0.005095963239996045,7.877878912390553e-07,0.005414403501463218,3.390053269151232e-05,1.0,1.0
0.005095963239996045,4.919502043903635e-07,0.004241956377647416,0.00010520532791173964,1.0,1.0
0.0050534456058105035,2.121464848585323e-06,0.00449648275554114,8.767110659311637e-06,3.5,3.5
0.00645043211071709,0.0001195944022774607,0.008091250347494519,0.0,5.0,5.0
0.008580524048903517,1.1220278429723311e-06,0.007029431217384352,2.0742080636239963e-05,5.0,5.0
0.01059812796089794,1.161053182668022e-06,0.00388256172029499,8.296832254495985e-05,5.0,5.0
0.010139443510884395,6.107131174005525e-05,0.009242563332854895,6.914026878746655e-06,5.0,5.0
0.010821214737239905,1.613282901174574e-06,0.008418832516441635,0.0,5.0,5.0
0.010170111750374373,4.6677187906045203e-07,0.008483528814125374,0.0,1.875,1.875
0.007119309766168257,9.170931609932817e-07,0.007473491900240812,0.0,0.0,0.0
0.0037958367599202777,1.1365606234285136e-06,0.005767083579061915,0.0,0.0,0.0
0.0027177459334007717,2.9558882321898197e-06,0.005151541867109976,0.0,0.0,0.0
0.002582442325449385,1.2282543212494582e-05,0.004601722538559625,0.0,0.0,0.0
0.0024809646194858446,1.84328941903011e-05,0.0041849449066360235,0.0,0.0,0.0
0.0024809646194858446,4.9372786478605346e-05,0.003695172100315779,0.0,4.375,4.375
0.002882537406248412,5.157605107742723e-05,0.0034640410950030277,0.0,7.0,7.0
0.004540690631421741,4.2162055015865284e-05,0.003769662857802124,0.0,7.0,7.0
0.010046761581251649,6.901845344309072e-06,0.005609968669988052,0.0,7.0,7.0
0.012881825490389662,0.00028010517337909624,0.006794732645721556,4.9519381699131445e-06,7.0,7.0
0.01164222636029786,1.1300622580804727e-06,0.0024483181029212914,4.050311691806317e-05,7.0,7.0
0.010151540807848471,0.00014289821664526133,0.00730424378050153,9.531702370452314e-05,5.125,5.125
0.005420917618131988,9.086149654814053e-07,0.0054534430766489984,8.211185525142143e-05,4.0,4.0
0.005197281596998549,5.699744339540239e-07,0.0029561576177247646,0.00016601450575296867,4.0,4.0
0.005078381721859555,7.18763731214767e-07,0.0036461240729372822,0.00016911336014231683,4.0,4.0
0.005265910407647039,1.3827162556633396e-06,0.004491542973958085,0.00011154318588392407,4.0,4.0
0.005206192994125524,2.2448070627941817e-07,0.005253043064602441,0.0001686773404292427,4.0,4.0
0.0052376470199973395,0.0002526233855626898,0.005273120297669101,0.00011661970111471554,4.625,4.625
0.006622778065307108,5.5441497851914865e-05,0.011144117139352667,0.00016419256623762327,5.0,5.0
0.009082046830212688,1.6335951883261028e-05,0.010332008219326186,0.00011289796142097579,5.0,5.0
0.010237249450696935,3.4755201336289005e-06,0.005068422574808265,9.078553311507431e-05,5.0,5.0
0.009897197350082314,9.520663165180697e-06,0.01110842031471341,7.007459674405394e-06,5.0,5.0
0.010821214737239905,2.0126980314352538e-06,0.01019926513375162,0.0,5.0,5.0
0.009865678632483749,1.3846979971141835e-06,0.01018293124008859,0.0,4.375,4.375
0.006645747138338401,1.329106339859104e-06,0.008711330721102488,0.0,4.0,4.0
0.0035590554460053496,9.020672264734168e-06,0.006874635168277488,0.0,4.0,4.0
0.002650094129425078,6.3125451316321725e-06,0.006171692652628134,0.0,4.0,4.0
0.002582442325449385,1.6984153546624604e-06,0.0056902503219945525,0.0,4.0,4.0
0.0024809646194858446,1.6963907554770144e-06,0.005270805532826872,0.0,4.0,4.0
0.0024809646194858446,1.1671110263138827e-06,0.00496295100059299,0.0,3.375,3.375
0.002882537406248412,1.3921989785444292e-06,0.004750573848140371,0.0,3.0,3.0
0.004540690631421741,1.345363484656632e-06,0.005114229151312673,0.0,3.0,3.0
0.010046761581251649,1.2629015255118586e-06,0.006841115831957673,0.0,3.0,3.0
0.012862334904465604,0.0013854723684118952,0.007724293692050232,1.7144918003378528e-05,3.0,3.0
0.011371219136287506,1.1307642714834306e-06,0.00330877844728114,9.380652684137352e-05,3.0,3.0
0.009954028564741032,5.625268283521861e-05,0.008272417728483477,0.00010662239197923051,3.0,3.0
0.005310415574692529,9.782070329315921e-07,0.006322463279352412,8.408951609286472e-06,3.0,3.0
0.0051523954589093686,8.44541973078782e-07,0.0030643927767942678,0.0,3.0,3.0
0.005023489926299957,4.9196880157068235e-06,0.003134549548242783,0.0,3.0,3.0
0.005167211822277409,6.896812266203449e-07,0.004732677050749805,0.0,3.0,3.0
0.005167211822277409,6.410901733371642e-07,0.004424569304040926,0.0,3.0,3.0
0.005136504120573998,7.219053137119544e-07,0.005028884200504758,0.0,3.0,3.0
0.006554103518028208,8.956983818151041e-05,0.010011853483680496,0.0,3.0,3.0
0.008961516291236734,1.1285399005957805e-06,0.00883998027166466,0.0,3.0,3.0
0.010170656754105464,1.185123012479984e-06,0.0049216163058634155,0.0,3.0,3.0
0.009895584869645447,1.0749969386300415e-05,0.010537943315163417,0.0,3.0,3.0
0.010821214737239905,1.4563805935681308e-06,0.00976141723884949,0.0,3.0,3.0
0.009865678632483749,8.358037454680222e-07,0.009747110745970407,0.0,1.75,1.75
0.006645747138338401,1.1124313997193178e-06,0.008422794337285551,0.0,1.0,1.0
0.0035590554460053496,1.1878966410419318e-06,0.0066374746522888176,0.0,1.0,1.0
0.002650094129425078,1.22341448904163e-06,0.005912280961525898,0.0,1.0,1.0
0.002582442325449385,1.3385491640843327e-06,0.005446175711273603,0.0,1.0,1.0
0.0024809646194858446,1.4505559862076346e-06,0.0050770684438100466,0.0,1.0,1.0
0.0024809646194858446,6.186581491910316e-06,0.004629777456322183,0.0,2.875,2.875
0.002882537406248412,1.2159991184341494e-05,0.0043275313053957485,0.0,4.0,4.0
0.004540690631421741,1.322594577496306e-05,0.004738258037993617,0.0,4.0,4.0
0.010046761581251649,1.234170888947136e-06,0.006462823817318819,0.0,4.0,4.0
0.012881825490389662,0.001559263598781702,0.007198348003519592,0.0,4.0,4.0
0.011630946459267245,1.1918703934783725e-06,0.0029689969425731196,0.0,4.0,4.0
0.010176368082902799,9.985158273675503e-05,0.007307705493870788,0.0,2.125,2.125
0.005419964379383311,6.649477694666737e-06,0.0053908113336927094,0.0,1.0,1.0
0.005257099360262118,9.121965675255348e-07,0.0027352793558361524,0.0,1.0,1.0
0.005134578034896425,1.937223644680716e-05,0.0027617280010857653,0.0,1.0,1.0
0.0052694714095764495,8.524543291680217e-07,0.005285103860333175,0.0,1.0,1.0
0.005264174296797992,9.052727082572863e-07,0.00390545313545041,0.0,1.0,1.0
0.005244060820651496,9.260714231972237e-07,0.00474308728691777,0.0,1.0,1.0
0.006653510306602503,9.019376878180981e-05,0.008751358106193475,0.0,1.0,1.0
0.009071338813441123,0.000504289164583388,0.007740006167524944,0.0,1.0,1.0
0.010226302744715114,1.1645302873567528e-06,0.003701693433560461,0.0,1.0,1.0
0.009897197350082314,2.412560887273565e-05,0.00923641913780075,0.0,1.0,1.0
0.010821214737239905,1.3173379237283491e-06,0.008444511256778298,0.0,1.0,1.0
0.009865678632483749,2.2110067410199212e-06,0.008244287464984547,0.0,2.875,2.875
0.006645747138338401,1.4255544504987678e-06,0.006959152583598898,0.0,4.0,4.0
0.0035590554460053496,7.979220416076566e-06,0.005353971461070345,0.0,4.0,4.0
0.002650094129425078,2.9038509766837444e-05,0.004628768635154516,0.0,4.0,4.0
0.002582442325449385,6.064494494041947e-05,0.004219926156315756,0.0,4.0,4.0
0.0024809646194858446,8.886468651986592e-05,0.003922855443582668,0.0,4.0,4.0
0.0024809646194858446,7.551844077826421e-05,0.003894841118562919,0.0,1.5,1.5
0.002882537406248412,7.01938447161306e-05,0.003840046878439584,0.0,0.0,0.0
0.004540690631421741,7.998240557795637e-05,0.0043225175422791605,0.0,0.0,0.0
0.010046761581251649,5.4558667735058335e-05,0.006364055040929001,0.0,0.0,0.0
0.012862334904465604,0.002490447715432626,0.006976988941053405,1.5509844079350604e-05,0.0,0.0
0.011365844201497959,6.3348710225497585e-06,0.0032980907700286837,8.605160480169823e-05,0.0,0.0
0.009943842823855156,7.289174600754798e-05,0.007616385388970553,0.00010121886196363346,0.625,0.625
0.005310415574692529,1.0317198447353942e-06,0.005031529963120722,8.004076161431938e-06,1.0,1.0
0.005168894650707348,8.579451321915206e-07,0.002571580825865868,0.0,1.0,1.0
0.005028198470991918,2.3420111343609398e-05,0.002701006089587618,0.0,1.0,1.0
0.005167211822277409,6.042602617732867e-07,0.0048127305017671655,0.0,1.0,1.0
0.005167211822277409,5.448114401613532e-07,0.003870052379694776,0.0,1.0,1.0
0.00513112918578445,4.704770195416325e-07,0.00446833477023274,3.4616850791562644e-05,1.0,1.0
0.006508971013702479,0.00012280916091335977,0.009926621709455262,0.00013846740316625058,1.0,1.0
0.008961516291236734,1.0078431205923334e-06,0.008421520303985358,1.1538950263854213e-05,1.0,1.0
0.010173088848462535,1.0337815770833395e-06,0.004656533209379974,0.0,1.0,1.0
0.009888863622233736,6.182374745104829e-05,0.010255943665855733,0.0,1.0,1.0
0.010821214737239905,1.3698213230409047e-06,0.00944154304472235,0.0,1.0,1.0
0.009865678632483749,1.5278605965009855e-06,0.009379567266117559,0.0,1.625,1.625
0.006645747138338401,1.3411993699704957e-06,0.008055730316253893,0.0,2.0,2.0
0.0035590554460053496,1.2531753177841774e-06,0.006271669387134705,0.0,2.0,2.0
0.002650094129425078,1.2587649144030483e-06,0.005574314233603457,0.0,2.0,2.0
0.002582442325449385,1.3560836972236549e-06,0.005110078450926791,0.0,2.0,2.0
0.0024809646194858446,1.4292016117025256e-06,0.004755238016267692,0.0,2.0,2.0
0.0024809646194858446,2.9121834320271574e-07,0.004551465274468518,0.0,0.75,0.75
0.002882537406248412,1.0453397002770537e-06,0.004431267108525168,0.0,0.0,0.0
0.004540690631421741,1.1754962681109037e-06,0.004898899511549896,0.0,0.0,0.0
0.010046761581251649,1.1670667356786995e-06,0.006623222579885692,0.0,0.0,0.0
0.012876224450879898,0.0013920749532162634,0.007462713659901779,5.839549728671161e-06,0.0,0.0
0.011529682013063423,1.1283753679853532e-06,0.0031371702557244064,2.3358198914684643e-05,0.0,0.0
0.010139871796762399,7.998165479730224e-05,0.0075056662841331044,1.9465165762237204e-06,1.25,1.25
0.00536603038532238,2.8686438131462546e-06,0.0054612073252397145,0.0,2.0,2.0
0.005223280854208705,9.341428814870672e-07,0.002860393874664437,1.6117157251132402e-05,2.0,2.0
0.0050682982423780444,4.584967030661593e-06,0.003085595987304553,8.198727819054311e-05,2.0,2.0
0.00517841390129693,4.393903955171829e-07,0.004658026050523792,9.404010883052037e-05,2.0,2.0
0.005167211822277409,2.263405559407726e-07,0.004840658622246382,9.96460765700447e-05,2.0,2.0
0.005136504120573998,3.2867895159570264e-05,0.005250479786658388,0.00010425542782254246,1.375,1.375
0.006560008484269274,0.00012464703967357535,0.01095031589554099,8.77645393887751e-05,1.0,1.0
0.009001871775913882,1.043422274331453e-06,0.009727801445829742,6.773877685258547e-06,1.0,1.0
0.010209470357868344,1.1095281964673872e-06,0.005116026434678029,0.0,1.0,1.0
0.009897197350082314,5.801192458986045e-05,0.010940425246879921,0.0,1.0,1.0
0.010821214737239905,1.4652584274903963e-06,0.010181635781270201,0.0,1.0,1.0
0.009865678632483749,1.7488069606076345e-06,0.010186941577522798,0.0,2.25,2.25
0.006645747138338401,1.4178217386916438e-06,0.008698592716765985,0.0,3.0,3.0
0.0035590554460053496,1.5808812331947591e-06,0.006898403340498963,0.0,3.0,3.0
0.002650094129425078,1.308593068678493e-06,0.0061287778678656936,0.0,3.0,3.0
0.0027177459334007717,1.4817954990597925e-06,0.005619168698492298,0.0,3.0,3.0
0.0024809646194858446,1.5786792488168613e-06,0.0051928790153070005,0.0,3.0,3.0
0.0024809646194858446,1.1161392737581549e-06,0.00492030655325561,0.0,2.375,2.375
0.002882537406248412,1.421723222564479e-06,0.004749392639715325,0.0,2.0,2.0
0.004371561121482508,1.968587234507641e-06,0.004887671207239862,0.0,2.0,2.0
0.008425840183298587,1.265337597419375e-06,0.00570237517403806,0.0,2.0,2.0
0.011111202732295539,0.0018343585643164945,0.006517080105098696,9.576861555020703e-06,2.0,2.0
0.014255112156602032,1.1523647035930333e-06,0.004248367966182551,3.830744622008281e-05,2.0,2.0
0.010511447722606154,1.310154444430421e-05,0.008460734995822401,2.2953323466830112e-05,2.0,2.0
0.005254866686677454,9.822622770879554e-07,0.006236063278595953,7.904414512729284e-05,2.0,2.0
0.005064039831367418,7.607428868505783e-07,0.002838182399929348,6.58701209394107e-06,2.0,2.0
0.004965914047834486,6.749819015654578e-06,0.0030880457696409722,2.8403569880256526e-05,2.0,2.0
0.005073559081957,5.125001908336995e-07,0.005087432154717546,0.00014374635612096932,2.0,2.0
0.0050623570029374775,3.869915981545073e-07,0.005370465219875246,0.00016587435655948055,2.0,2.0
0.005054053459273112,3.366951365303336e-07,0.006016402946231689,0.0001864918601348422,2.0,2.0
0.006489943314016721,7.749127290000032e-05,0.010930922524038492,0.00017556022304276978,2.0,2.0
0.008585878057289298,1.029544642894407e-06,0.00950267650687362,0.00016075112493085973,2.0,2.0
0.010603729000407701,1.0437313280426773e-06,0.005038651909163202,9.994194708963069e-05,2.0,2.0
0.010139443510884395,1.2396800724740434e-05,0.011205604076264912,7.443479387479507e-06,2.0,2.0
0.010821214737239905,1.7714197529328795e-06,0.010354680775058894,0.0,2.0,2.0
0.010170111750374373,2.1526460083032225e-06,0.010047592920801889,0.0,3.875,3.875
0.007119309766168257,1.560157666878543e-06,0.008635304214714935,0.0,5.0,5.0
0.0037958367599202777,1.3925417578298718e-06,0.006730761263921359,0.0,5.0,5.0
0.0027177459334007717,1.3974932362017963e-06,0.006047442715959701,0.0,5.0,5.0
0.0027177459334007717,1.6124962551334965e-06,0.0054778331155159385,0.0,5.0,5.0
0.0024809646194858446,5.779567603960285e-06,0.004993356241340541,0.0,5.0,5.0
0.0024809646194858446,7.155245474839426e-06,0.0048471777906449525,0.0,2.5,2.5
0.002882537406248412,5.962454317228373e-06,0.004717443129601566,0.0,1.0,1.0
0.004371561121482508,8.215699979994178e-06,0.00482299644676778,0.0,1.0,1.0
0.008425840183298587,1.1807364588493808e-06,0.0056369925802451865,0.0,1.0,1.0
0.011111202732295539,0.0017170754546076022,0.0064317557243693,8.876115587580166e-06,1.0,1.0
0.014279022112572233,1.0871404705880757e-06,0.0041417511769748705,5.320997712765162e-05,1.0,1.0
0.010611963393951304,3.817334942992985e-05,0.008459430427139501,9.639150085459863e-05,2.25,2.25
0.005314783468990543,9.332827985752783e-07,0.006175794518218131,0.00012297313121950975,3.0,3.0
0.005119145807584176,5.329539159951276e-07,0.0028877562152194555,0.00014394879384489655,3.0,3.0
0.00500848516483655,1.1515222011168502e-06,0.0037006627495477,0.0001545378440195536,3.0,3.0
0.005107165319015567,5.095601727597368e-07,0.005118067297946614,0.00014189327234040433,3.0,3.0
0.005084761160976521,5.17793488389742e-07,0.0056299465550020845,0.0001551918735891648,3.0,3.0
0.00508705184286907,1.2276063344798154e-06,0.006063236644238224,0.00018295698603241993,4.25,4.25
0.0064952404267951775,9.391038060499288e-05,0.011096812914033558,0.00013286143542672626,5.0,5.0
0.008580524048903517,1.1997990993826498e-06,0.009303229534910208,1.0075169798533977e-05,5.0,5.0
0.010587407359636333,1.408751838968068e-06,0.004862861050621004,0.0,5.0,5.0
0.010139443510884395,1.0768312471944265e-05,0.010910540452944076,0.0,5.0,5.0
0.010821214737239905,1.9035910626782865e-06,0.009945538958205607,0.0,5.0,5.0
0.010170111750374373,1.0478652788944132e-06,0.009704805021963123,0.0,3.75,3.75
0.007119309766168257,1.2928001859817888e-06,0.008435889369242376,0.0,3.0,3.0
0.0037958367599202777,1.2853859406966895e-06,0.006666006492315585,0.0,3.0,3.0
0.0027177459334007717,1.3163856298932726e-06,0.006012263704809953,0.0,3.0,3.0
0.002582442325449385,2.248447713853908e-06,0.005387398889164075,0.0,3.0,3.0
0.0024809646194858446,9.04848938974573e-06,0.0049804244796176345,0.0,3.0,3.0
0.0024809646194858446,1.2945971076273916e-05,0.004722683858053675,0.0,2.375,2.375
0.002882537406248412,1.73530318537362e-05,0.004523697248586179,0.0,2.0,2.0
0.004540690631421741,1.839943761015233e-05,0.004933131166490005,0.0,2.0,2.0
0.010046761581251649,1.2239415143945446e-06,0.006838260050922424,0.0,2.0,2.0
0.012876224450879898,0.00235815781007734,0.007401264938747334,9.997309135485027e-06,2.0,2.0
0.01158768451277432,1.1391516161451766e-06,0.0033327463278004167,5.942325803895773e-05,2.0,2.0
0.010157367952078444,8.723994146211917e-05,0.007777226428534304,0.00010129672262668241,0.75,0.75
0.0053187211302179165,7.877693790611629e-07,0.005925007057461741,8.739080820614014e-05,0.0,0.0
0.005186001695967934,5.894200300373132e-07,0.0030066021893059144,3.34645129784382e-05,0.0,0.0
0.0050682982423780444,3.1335445361786138e-06,0.0037223873358620944,0.00014243829698174694,0.0,0.0
0.0052281449427241415,4.7057207526209806e-07,0.006216611517232293,0.0001875974815501373,0.0,0.0
0.005233442055502599,4.407373959956626e-07,0.0060744051016474515,0.00019367061326795528,0.0,0.0
0.005218625692134559,2.13543132393761e-06,0.0066598271778394984,0.0001903381768894603,1.875,1.875
0.00662530020137191,6.384032892534403e-05,0.011236977205438984,0.00018256768271717518,3.0,3.0
0.008990627844086828,1.0997529830335633e-06,0.009667982805555595,0.00013937058685761837,3.0,3.0
0.010173344221500239,1.2209126060605836e-06,0.004973956577855961,1.0651338705096198e-05,3.0,3.0
0.009897197350082314,1.1322766630796647e-05,0.010869165873608286,0.0,3.0,3.0
0.010821214737239905,1.907866734497736e-06,0.009910114748147208,0.0,3.0,3.0
0.009865678632483749,1.2190457136005995e-06,0.009731177882343378,0.0,2.375,2.375
0.006645747138338401,1.339704028454553e-06,0.00836014859775918,0.0,2.0,2.0
0.0035590554460053496,1.298531592824449e-06,0.006619046214311879,0.0,2.0,2.0
0.002650094129425078,1.3180119779760008e-06,0.005820855162423841,0.0,2.0,2.0
0.002582442325449385,4.886414321823154e-06,0.005261706275667905,0.0,2.0,2.0
0.0024809646194858446,1.3124061720718956e-05,0.004894332849354769,0.0,2.0,2.0
0.0024809646194858446,1.2968017905920594e-05,0.0047343124441935345,0.0,0.75,0.75
0.002882537406248412,1.595974862097775e-05,0.004586118414644153,0.0,0.0,0.0
0.004540690631421741,1.8888679627367983e-05,0.004960476583410563,0.0,0.0,0.0
0.010046761581251649,3.432446349378895e-06,0.007002848667378915,0.0,0.0,0.0
0.012876224450879898,0.0027066510369654767,0.007530126063321787,9.016264781068271e-06,0.0,0.0
0.01156874100692263,1.132740812052395e-06,0.003512273336435706,5.5125349438655764e-05,0.0,0.0
0.01011655031963923,8.668383235069561e-05,0.007767654940652226,0.00010349239332466277,0.0,0.0
0.005343117392870245,9.280558260001068e-07,0.005772823777768657,0.00012454591661309851,0.0,0.0
0.005197281596998549,6.171093966935079e-07,0.0030732892378982197,9.291891528261552e-05,0.0,0.0
0.005057096163358523,6.3978623249675245e-06,0.0033774776750425933,3.290391620448577e-05,0.0,0.0
0.00517841390129693,5.194973981261217e-07,0.005169932873464439,0.00013982217870330227,0.0,0.0
0.0052120201383554976,3.6058434494868606e-07,0.0057087650640343796,0.000190431609685119,0.0,0.0
0.005181312436652086,5.707153619258181e-05,0.005915274817517996,0.00018566653710652334,3.125,3.125
0.0065936147213278415,8.31786264931012e-05,0.01134457390863298,0.00013192710747013885,5.0,5.0
0.008976308635583878,1.1135927579155273e-06,0.010114992968185813,3.307520966319346e-05,5.0,5.0
0.010175520942819608,1.2601748669369191e-06,0.004912631539441726,9.23116021108337e-05,5.0,5.0
0.00989222424593959,1.1418451244459094e-05,0.01104564607672619,7.692633509236142e-06,5.0,5.0
0.010821214737239905,2.0590650728874346e-06,0.010265100364066887,0.0,5.0,5.0
0.009865678632483749,1.6111420833440377e-06,0.010198542588192501,0.0,5.0,5.0
0.006645747138338401,1.4887375055796046e-06,0.008738977599091306,0.0,5.0,5.0
0.0035590554460053496,1.384631275223768e-06,0.006813699034135297,0.0,5.0,5.0
0.002650094129425078,1.4039176531878357e-06,0.006006436016846566,0.0,5.0,5.0
0.002582442325449385,1.6346461969550329e-06,0.005442881010093261,0.0,5.0,5.0
0.0024809646194858446,3.974581246335353e-06,0.0049980489308117625,0.0,5.0,5.0
0.0024809646194858446,4.712316603377435e-06,0.004925342362891032,0.0,1.875,1.875
0.002882537406248412,1.2130948077565728e-06,0.004825044021568,0.0,0.0,0.0
0.004540690631421741,3.9704579535374405e-06,0.005220328322205718,0.0,0.0,0.0
0.010046761581251649,1.1730615183794466e-06,0.0070556055585836415,0.0,0.0,0.0
0.012867935943975364,0.0020130805480674243,0.0077343314057637036,8.689249996262689e-06,0.0,0.0
0.011416847574823051,1.0990743974752153e-06,0.0035144240873420246,4.8351471753397216e-05,0.0,0.0
0.009997621173893904,6.002281099096725e-05,0.008119722653309439,5.727430373880675e-05,0.625,0.625
0.0053393454526385236,1.0883973188291193e-06,0.00582361512405769,4.531490589448821e-06,1.0,1.0
0.005212686628651791,8.979591122056319e-07,0.002929297861771967,0.0,1.0,1.0
0.005087132421145891,1.017273494690878e-05,0.0029542293398852337,0.0,1.0,1.0
0.005210804431430281,6.253073377078832e-07,0.004413489888234839,0.0,1.0,1.0
0.005189008126853844,4.374052060700136e-07,0.004125839500909061,2.7375809128010403e-05,1.0,1.0
0.0051150043814158054,2.4596021733048537e-05,0.005078261543842971,0.00013814038838144498,3.5,3.5
0.006519643061270484,0.00010769924025152837,0.010963000860361772,0.00012367387718695028,5.0,5.0
0.008961516291236734,1.0384308866051666e-06,0.009919826143391819,3.2857199806656396e-05,5.0,5.0
0.010133735230306763,1.1107802507947945e-06,0.004901659141763058,9.32459300674211e-05,5.0,5.0
0.00989222424593959,5.199453494759145e-05,0.011063023627106075,7.770494172285092e-06,5.0,5.0
0.010821214737239905,1.747429124987032e-06,0.01016809545699291,0.0,5.0,5.0
0.009865678632483749,1.4882276603451252e-06,0.010113624585759498,0.0,5.0,5.0
0.006645747138338401,1.4280416492885576e-06,0.0086897112652647,0.0,5.0,5.0
0.0035590554460053496,3.380681187898075e-06,0.006867125185404822,0.0,5.0,5.0
0.002650094129425078,1.5860703602026393e-06,0.006148895002419135,0.0,5.0,5.0
0.002582442325449385,1.5401605674015852e-06,0.0056288344870637445,0.0,5.0,5.0
0.0024809646194858446,1.6844950509020293e-06,0.005227086791494024,0.0,5.0,5.0
0.0024809646194858446,9.105196121905956e-08,0.005086152429730997,0.0,1.875,1.875
0.002882537406248412,6.996697775041343e-07,0.004982931626854627,0.0,0.0,0.0
0.004540690631421741,1.1570518093016694e-06,0.005388315208999777,0.0,0.0,0.0
0.010046761581251649,1.1720215481165682e-06,0.007061551030830189,0.0,0.0,0.0
0.012876224450879898,0.001326857825741439,0.007924109426893648,7.89507123316341e-06,0.0,0.0
0.011508294193158025,1.1269405189496334e-06,0.0033115217390773605,3.158028493265364e-05,0.0,0.0
0.010072335134397625,7.919955274349353e-05,0.00811464251350726,2.63169041105447e-06,0.0,0.0
0.00532875122708161,1.0392960632565889e-06,0.006190637334038498,0.0,0.0,0.0
0.005168894650707348,8.218898463288022e-07,0.0028789642462899528,0.0,0.0,0.0
0.005055311173722924,2.2165830798696523e-06,0.0031337662673334423,2.219028896895041e-05,0.0,0.0
0.00517841390129693,5.723520406407385e-06,0.004828442640224475,0.00011230622038180377,0.0,0.0
0.005167211822277409,3.2116239126237416e-07,0.005988641661021835,0.00013745521454661426,0.0,0.0
0.005120379316205352,0.000261241463930895,0.006864970524748463,0.00017710186417113896,2.5,2.5
0.006552267057437106,6.699005647817216e-05,0.012738583929102713,0.0001429988937556994,4.0,4.0
0.008961947574273394,1.029220693181045e-06,0.01175318326149829,0.00012088646544979793,4.0,4.0
0.010170401381067761,1.101220271074938e-06,0.006000901463504655,9.358851698483647e-06,4.0,4.0
0.009895584869645447,7.298777852126312e-05,0.01241278410387266,0.0,4.0,4.0
0.010821214737239905,1.8006216164263507e-06,0.011277565626787129,0.0,4.0,4.0
0.009865678632483749,1.48292792929251e-06,0.01108692378282242,0.0,4.0,4.0
0.006645747138338401,1.4059659815305574e-06,0.0094438560600444,0.0,4.0,4.0
0.0035590554460053496,3.596771776020202e-06,0.0076631161301957285,0.0,4.0,4.0
0.002650094129425078,1.018577583289012e-05,0.0069209044197333,0.0,4.0,4.0
0.002582442325449385,1.4982924600400605e-05,0.006360484750961956,0.0,4.0,4.0
0.0024809646194858446,1.6473605638331813e-05,0.005937214586226027,0.0,4.0,4.0
0.0024809646194858446,8.00814814539473e-06,0.005639510161147378,0.0,4.0,4.0
0.002882537406248412,1.6219621774966546e-06,0.00545089688874694,0.0,4.0,4.0
0.004540690631421741,1.4365930906851347e-06,0.005607688516964383,0.0,4.0,4.0
0.010046761581251649,1.2976158790361043e-06,0.0073354621180345666,0.0,4.0,4.0
0.012876224450879898,0.0007511088506514702,0.008344909075845043,1.0464473113778721e-05,4.0,4.0
0.01155998324195682,1.1263345683603828e-06,0.0032899829585138402,6.0684600780350704e-05,4.0,4.0
0.010170484313700158,3.420516341392134e-05,0.00867404404233283,0.00010257363750068517,2.75,2.75
0.005385927129922745,8.195866811021364e-07,0.0070525455204625154,0.00012530895111097822,2.0,2.0
0.005224000626924106,5.399947962319782e-07,0.0032939323574342205,0.0001349013847986087,2.0,2.0
0.005098548680822574,5.388432196814806e-07,0.004355899704360267,0.00016227719392661913,2.0,2.0
0.0052120201383554976,2.504776182587736e-06,0.005953949272115518,0.0001577301312045605,2.0,2.0
0.0052120201383554976,4.4283044622267425e-07,0.0067479818470013355,0.00016909778800970704,2.0,2.0
0.005213328579356102,0.000133168073023812,0.007136009565651286,0.0001885162373741149,3.875,3.875
0.00662774451542562,4.165329238712842e-05,0.013062042368132909,0.00018294141389981015,5.0,5.0
0.008990627844086828,1.0493346460421657e-06,0.01209911037192763,0.00014013362135549808,5.0,5.0
0.010162112874163227,1.1668733104684384e-06,0.00624876238103797,1.0713627235535357e-05,5.0,5.0
0.009895584869645447,9.015187938551368e-06,0.012655553995185974,0.0,5.0,5.0
0.010821214737239905,1.8737589224180885e-06,0.011591263196718934,0.0,5.0,5.0
0.009865678632483749,1.024056057265062e-06,0.011458736449858196,0.0,2.5,2.5
0.006645747138338401,1.1986581533541883e-06,0.00984852298279009,0.0,1.0,1.0
0.0035590554460053496,2.891039094167791e-06,0.008033623439541416,0.0,1.0,1.0
0.002650094129425078,3.902217118577148e-06,0.007299913736955057,0.0,1.0,1.0
0.0027177459334007717,8.716907392477546e-06,0.006753827858811684,0.0,1.0,1.0
0.0024809646194858446,1.554650938370435e-05,0.006288670104009499,0.0,1.0,1.0
0.0024809646194858446,1.6060333960458793e-05,0.005948489066664566,0.0,1.625,1.625
0.002882537406248412,5.041184399680826e-06,0.0057400345120383585,0.0,2.0,2.0
0.004371561121482508,1.3660764094975065e-06,0.005726106806687936,0.0,2.0,2.0
0.008425840183298587,1.2666024327912251e-06,0.00635359362380988,0.0,2.0,2.0
0.011111202732295539,0.00046482895018569713,0.0075720151335459005,1.0557905909437459e-05,2.0,2.0
0.014241057278857765,1.1109457116244815e-06,0.004849349787966598,5.834878088888224e-05,2.0,2.0
0.010509844728048327,2.4196508157992095e-05,0.009986844583031307,0.00010400627370078582,2.0,2.0
0.005223336850655568,8.003794307655496e-07,0.007887549455727274,0.00017331783594696007,2.0,2.0
0.005076457617312157,4.311986209600658e-07,0.0034535697034584786,0.00010749443140537873,2.0,2.0
0.004954711968814964,4.573647998831371e-07,0.004399246077073234,7.95735976360257e-06,2.0,2.0
0.005084761160976521,1.658118003434226e-05,0.005929358324123207,3.0832822567383726e-05,2.0,2.0
0.0050623570029374775,4.782442676758156e-07,0.0070340503141716575,0.0001233312902695349,2.0,2.0
0.0050262743664445195,0.000341403131828985,0.007004548572254868,4.400684675526587e-05,2.625,2.625
0.0064485956501259874,6.387362518615693e-05,0.012952698540449729,0.0001349169569312185,3.0,3.0
0.008539737281189709,1.0995977449117635e-06,0.011808722347931549,1.124307974426821e-05,3.0,3.0
0.010562227929250047,1.2439530968662407e-06,0.006428952149070168,0.0,3.0,3.0
0.01013110978303582,1.0195437227994344e-05,0.013001824139606311,0.0,3.0,3.0
0.010821214737239905,1.930307485677525e-06,0.01181194577501962,0.0,3.0,3.0
0.010170111750374373,1.3424014158239183e-06,0.011506911866939326,0.0,2.375,2.375
0.007119309766168257,1.3253095922917333e-06,0.010050234397574687,0.0,2.0,2.0
0.0037958367599202777,2.162086953128631e-06,0.008156969303884543,0.0,2.0,2.0
0.0027177459334007717,2.120614153422289e-06,0.007489937993579339,0.0,2.0,2.0
0.0027177459334007717,8.861504369804607e-06,0.006905598927724024,0.0,2.0,2.0
0.0024809646194858446,1.5549432772770565e-05,0.006425752991971043,0.0,2.0,2.0
0.0024809646194858446,2.0206155583781247e-05,0.006038848296459757,0.0,3.25,3.25
0.002882537406248412,8.79823107632183e-06,0.005828241145876669,0.0,4.0,4.0
0.004371561121482508,1.5670424665778834e-06,0.005809999633021747,0.0,4.0,4.0
0.008425840183298587,1.3052793297440364e-06,0.006391891171946685,0.0,4.0,4.0
0.011111202732295539,0.0003569230878568342,0.0076110381135510476,9.343279565873858e-07,4.0,4.0
0.014197109656891138,1.161069160483147e-06,0.0047919203267627495,7.786066304894881e-08,4.0,4.0
0.01049532291823751,4.888071793710037e-05,0.009788999631687643,0.0,2.75,2.75
0.005221712659059315,9.478316515360149e-07,0.007394866848321892,3.1486852136994894e-05,2.0,2.0
0.0050155244968654224,6.192964599978644e-07,0.0036630048800206593,0.00012594740854797958,2.0,2.0
0.004943509889795443,4.957882704301755e-07,0.004279996108565919,1.04956173789983e-05,2.0,2.0
0.0050623570029374775,6.166042688181343e-07,0.005262702923995444,0.0,2.0,2.0
0.0050623570029374775,6.446300475920306e-07,0.005702271866948674,0.0,2.0,2.0
0.005031649301234068,4.221097321970726e-06,0.005859251157746299,0.0,2.625,2.625
0.006447987796663379,9.312919015798826e-05,0.011219531095047064,0.0,3.0,3.0
0.008521354671514946,1.122072788351349e-06,0.010438381800677932,2.4292526871272028e-05,3.0,3.0
0.010511190754316838,1.0724095909931382e-06,0.005740614429689049,9.717010748508811e-05,3.0,3.0
0.010124388535624107,1.1620201763959382e-05,0.012248322521456578,8.097508957090678e-06,3.0,3.0
0.010821214737239905,1.6146111633642817e-06,0.011168016457618515,0.0,3.0,3.0
0.010170111750374373,1.627029844979619e-06,0.01098880654928358,0.0,3.625,3.625
0.007119309766168257,1.4479829250703776e-06,0.009597611604086306,0.0,4.0,4.0
0.0037958367599202777,1.3600624668180406e-06,0.007773179469980864,0.0,4.0,4.0
0.0027177459334007717,1.369493001103379e-06,0.007122278226164345,0.0,4.0,4.0
0.002582442325449385,1.6113962182870385e-06,0.006445064531169706,0.0,4.0,4.0
0.0024809646194858446,1.7506210404138388e-06,0.005945129375122434,0.0,4.0,4.0
0.0024809646194858446,7.022144712705927e-07,0.00565638844449805,0.0,2.75,2.75
0.002882537406248412,1.3558979535156312e-06,0.005445820573446778,0.0,2.0,2.0
0.004540690631421741,1.33197939556854e-06,0.005854470309569365,0.0,2.0,2.0
0.010046761581251649,1.2393219901188028e-06,0.007474597717980018,0.0,2.0,2.0
0.012876224450879898,0.0013270698956430584,0.008226873295369965,1.0978353489901783e-05,2.0,2.0
0.011479208671189848,1.0860930026399869e-06,0.0033646981286911486,6.965414916358961e-05,2.0,2.0
0.009981807657569624,5.372390455012939e-05,0.008798901480111136,0.00015006864196054394,2.0,2.0
0.005302674147860363,8.912523615298792e-07,0.007103449711559359,8.141110928398088e-05,2.0,2.0
0.0051635975379288905,7.117945783019507e-07,0.003072987650560373,5.8862661265005304e-06,2.0,2.0
0.005023489926299957,1.4099606521944845e-06,0.0035063321761690434,0.0,2.0,2.0
0.005167211822277409,6.91783029518023e-07,0.004688211529072815,0.0,2.0,2.0
0.005167211822277409,6.180338942854805e-07,0.005156777376625251,2.7889689504133466e-05,2.0,2.0
0.005136504120573998,1.2168532321427735e-06,0.005987044901681326,0.00011155875801653386,3.25,3.25
0.006546284269184951,5.5732931473850994e-05,0.011130522345714352,4.101699729418624e-05,4.0,4.0
0.008950745495253872,1.097397997122494e-06,0.010043157431075481,0.000126881736504567,4.0,4.0
0.01015917003373075,1.1110187142911303e-06,0.0051810773821030125,1.0573478042047249e-05,4.0,4.0
0.00989222424593959,1.4501736899481238e-05,0.011467508676944595,0.0,4.0,4.0
0.010821214737239905,1.699394913925362e-06,0.010719639541614924,0.0,4.0,4.0
0.009865678632483749,1.4285045165805456e-06,0.010634695360755881,0.0,4.0,4.0
0.006645747138338401,1.3723434412226986e-06,0.009147089223422134,0.0,4.0,4.0
0.0035590554460053496,1.2889295488252374e-06,0.007303900218640981,0.0,4.0,4.0
0.002650094129425078,1.3064710559738018e-06,0.00651955235158889,0.0,4.0,4.0
0.002582442325449385,1.4683652076131448e-06,0.0059349962897748305,0.0,4.0,4.0
0.0024809646194858446,1.5979731845862981e-06,0.005520855107492501,0.0,4.0,4.0
0.0024809646194858446,2.403384937340979e-07,0.005298620605183565,0.0,2.125,2.125
0.002882537406248412,1.0707826723025852e-06,0.005128787989418311,0.0,1.0,1.0
0.004540690631421741,1.217914442489238e-06,0.0054859024111114435,0.0,1.0,1.0
0.010046761581251649,1.1904749314412996e-06,0.007150201178625779,0.0,1.0,1.0
0.012876224450879898,0.0010573086187711002,0.008063958996671675,0.0,1.0,1.0
0.011551478317639861,1.1635193868725733e-06,0.003274372745504677,0.0,1.0,1.0
0.010134496861972852,6.827539095136336e-05,0.0080932205194387,0.0,2.25,2.25
0.005354828306302858,1.1485065425728707e-06,0.00608053771244474,0.0,3.0,3.0
0.005228169482316124,9.047929619897008e-07,0.0028889825909158453,0.0,3.0,3.0
0.005087132421145891,4.8424621697885725e-06,0.002913833828033926,0.0,3.0,3.0
0.0052332085894693245,7.454540131719482e-07,0.004309548356734738,0.0,3.0,3.0
0.0052332085894693245,8.684563212399314e-07,0.004222497732565474,0.0,3.0,3.0
0.005207389515873333,1.8518949333542907e-06,0.004948215076575809,0.0,4.25,4.25
0.006638027452938169,0.00012117992982667746,0.009771918176504189,0.0,5.0,5.0
0.009001871775913882,5.0245653864557284e-05,0.0085751497184171,0.0,5.0,5.0
0.010195580811454046,1.434024807446228e-06,0.004158400752185525,0.0,5.0,5.0
0.009895584869645447,4.23504486805582e-05,0.009859632607563923,0.0,5.0,5.0
0.010821214737239905,1.6690047706742075e-06,0.008998483700546551,0.0,5.0,5.0
0.009865678632483749,4.2227082522731597e-07,0.009122742143992606,0.0,2.5,2.5
0.006645747138338401,9.482303075385326e-07,0.0079966391233012,0.0,1.0,1.0
0.0035590554460053496,1.1387726221510836e-06,0.006338000354857541,0.0,1.0,1.0
0.002650094129425078,1.1751224044411785e-06,0.005582754258617288,0.0,1.0,1.0
0.002582442325449385,1.2475082151061326e-06,0.005089979806260425,0.0,1.0,1.0
0.0024809646194858446,2.0365934724356487e-06,0.004749628336431195,0.0,1.0,1.0
0.0024809646194858446,2.2409195800244393e-06,0.004589180029060635,0.0,0.375,0.375
0.002882537406248412,4.33537808369091e-06,0.0044811124934068264,0.0,0.0,0.0
0.004540690631421741,5.950792287357261e-06,0.004940498351376343,0.0,0.0,0.0
0.010046761581251649,1.1765446666498321e-06,0.006864136344723458,8.097508957090677e-07,0.0,0.0
0.012867935943975364,0.002104241399154833,0.007406706805588792,4.858505374254406e-06,0.0,0.0
0.011491639357337862,1.1173440447229837e-06,0.0031366799699707967,1.7596509849062433e-05,0.0,0.0
0.010113386232870116,7.696493483509073e-05,0.0073894365444602235,9.030279700417083e-05,1.25,1.25
0.005357992393071971,9.947597017090236e-07,0.005704121475036791,0.00012298870335211956,2.0,2.0
0.005260263447031232,5.973926771081856e-07,0.002899696757110554,0.00016648166973126234,2.0,2.0
0.005115118628952169,2.4647092334623252e-06,0.0035030585521279955,0.00018032529562136545,2.0,2.0
0.0052332085894693245,4.958613180473093e-07,0.004898616651953602,0.0001338269076485332,2.0,2.0
0.005194305239632302,4.864248720399962e-07,0.004853131296896061,4.4146995948753976e-05,2.0,2.0
0.005193743122800101,8.691547006070941e-06,0.005353517713673205,0.00017060828487285666,3.25,3.25
0.006659040885414233,9.218124265398529e-05,0.010805449890032265,0.0001826766876454437,4.0,4.0
0.009012169436052552,1.0499518818504627e-06,0.00984077616233083,0.00016579649589643162,4.0,4.0
0.010181661996722262,1.082286525288689e-06,0.00513425417523532,0.00011037527593818985,4.0,4.0
0.009897197350082314,1.0302661595074583e-05,0.010927179801968263,8.299946681017945e-06,4.0,4.0
0.010821214737239905,1.8048805179779142e-06,0.010119213646136833,0.0,4.0,4.0
0.009865678632483749,9.478523037492188e-07,0.01024298136908257,0.0,2.125,2.125
0.006645747138338401,1.2108257087279136e-06,0.008844727373442203,0.0,1.0,1.0
0.0035590554460053496,1.288470561687581e-06,0.00709181570500052,0.0,1.0,1.0
0.002650094129425078,1.282865782215851e-06,0.006277050801822045,0.0,1.0,1.0
0.002582442325449385,1.437047556888097e-06,0.005740712564225028,0.0,1.0,1.0
0.0024809646194858446,1.5196566156485504e-06,0.005349027158763004,0.0,1.0,1.0
0.0024809646194858446,7.8944556871519e-07,0.005077025437818474,0.0,0.375,0.375
0.002882537406248412,1.2437148761458671e-06,0.004892383950263996,0.0,0.0,0.0
0.004540690631421741,1.2504122017961909e-06,0.005308349005631157,0.0,0.0,0.0
0.010046761581251649,1.2048413461008297e-06,0.007055167746541366,7.474623652699086e-07,0.0,0.0
0.012867935943975364,0.0015645125825433826,0.0078085248862897255,4.484774191619451e-06,0.0,0.0
0.011494569978073703,1.1435598002119694e-06,0.0032720189475611864,1.2987158596564663e-05,0.0,0.0
0.010066585812178744,5.9296881520542796e-05,0.008057522151248112,6.624385212204566e-05,0.0,0.0
0.005323454114303153,9.481902224550029e-07,0.006386087474544073,6.73650456699505e-05,0.0,0.0
0.0051912988087463915,6.728292725291698e-07,0.0029041797062877646,2.5865312264860796e-05,0.0,0.0
0.005087132421145891,1.0888519270105943e-06,0.0033789485699524647,8.240772577100742e-05,0.0,0.0
0.005199602352410759,2.4955969670498462e-05,0.004492617852116896,6.867310480917286e-06,0.0,0.0
0.005199602352410759,3.5535882551863634e-06,0.005158177894698217,2.485312364522446e-05,0.0,0.0
0.005157692571687826,0.00033247598216881063,0.005774726280608824,9.941249458089785e-05,4.375,4.375
0.006556547832081918,9.291568329097545e-05,0.01153003143924723,3.65010788373472e-05,7.0,7.0
0.00893911213319769,1.0926029400633437e-06,0.01093274583370659,0.00013795352279012753,7.0,7.0
0.010119874952209958,1.159601452788296e-06,0.005666823241927151,0.00010975239063379826,7.0,7.0
0.009888863622233736,3.4057653430173355e-05,0.012037156574445141,8.362235211457103e-06,7.0,7.0
0.010821214737239905,1.9874940217933428e-06,0.010911662398207792,0.0,7.0,7.0
0.009865678632483749,1.040182428888099e-06,0.010801662165927074,0.0,3.875,3.875
0.006645747138338401,1.268935112095297e-06,0.009299671881920676,0.0,2.0,2.0
0.0035590554460053496,4.018753062194381e-06,0.00749777962538685,0.0,2.0,2.0
0.002650094129425078,9.553547204383488e-06,0.006753104928729441,0.0,2.0,2.0
0.002582442325449385,1.3614612311858203e-05,0.006248229460853612,0.0,2.0,2.0
0.0024809646194858446,9.546537309145185e-06,0.005868617620599666,0.0,2.0,2.0
0.0024809646194858446,3.874800539719225e-06,0.005575619401690491,0.0,2.0,2.0
0.002882537406248412,1.4402819237825502e-06,0.005368274430570974,0.0,2.0,2.0
0.004540690631421741,1.3127063765953185e-06,0.005519260700754743,0.0,2.0,2.0
0.010046761581251649,1.2255906246765045e-06,0.007330395119482884,5.605967739524314e-07,2.0,2.0
0.012862334904465604,0.00036413023105501377,0.008405559832510307,8.642533598433318e-06,2.0,2.0
0.011470251537432464,1.1120309976262818e-06,0.0033380258698994386,2.9151032245526435e-05,2.0,2.0
0.010020845454390404,9.050746745978545e-05,0.008910099483843609,4.2449633494286894e-05,0.75,0.75
0.005323454114303153,8.721497851278518e-07,0.007033307528704275,4.126615141594287e-05,0.0,0.0
0.0052363193938193275,6.950299764752785e-07,0.0029622374069231644,1.588357526198556e-05,0.0,0.0
0.005087132421145891,6.437982826565906e-07,0.003754250799276115,5.064057524703631e-05,0.0,0.0
0.005272324208301197,1.3198956991129286e-05,0.004865748746840408,4.220047937253026e-06,0.0,0.0
0.005259285668690572,6.101728244792738e-07,0.00536796889242285,1.5229545692374387e-05,0.0,0.0
0.0051523954589093686,0.00022022533071224605,0.006040631406992189,7.684847442931248e-05,3.75,3.75
0.0065618449448603755,0.0001028314122183627,0.0120712582591769,6.879768187005117e-05,6.0,6.0
0.008983489166239119,1.1186792121429567e-06,0.011077507111202315,2.8060982962841154e-05,6.0,6.0
0.010139620911171715,1.2736412935102352e-06,0.0057514936816143985,9.100354297161137e-05,6.0,6.0
0.00989222424593959,7.559112333361753e-05,0.012193184130703721,7.5836285809676145e-06,6.0,6.0
0.010821214737239905,1.894993198776014e-06,0.011049939582256833,0.0,6.0,6.0
0.009865678632483749,8.253958715862511e-07,0.01100249773483019,0.0,2.875,2.875
0.006645747138338401,1.13621941707524e-06,0.009502464296474071,0.0,1.0,1.0
0.0035590554460053496,2.529504214889685e-06,0.007682945344062533,0.0,1.0,1.0
0.002650094129425078,8.117974248667873e-06,0.007033894266523375,0.0,1.0,1.0
0.0027177459334007717,1.287835007408472e-05,0.006567932053871601,0.0,1.0,1.0
0.0024809646194858446,1.261404380550061e-05,0.006168369081001806,0.0,1.0,1.0
0.0024809646194858446,9.364357243173561e-06,0.005810631217910433,0.0,1.625,1.625
0.002882537406248412,3.4749694960538138e-06,0.005597444600713751,0.0,2.0,2.0
0.004371561121482508,1.3818156730446906e-06,0.00562426107700585,0.0,2.0,2.0
0.008425840183298587,1.2858547293426018e-06,0.00630528543123302,0.0,2.0,2.0
0.011111202732295539,0.0007314009910059598,0.007463084802784925,0.0,2.0,2.0
0.014242815917437774,1.2154488919548448e-06,0.004767180543424859,0.0,2.0,2.0
0.010581803086453973,0.00012308218503752255,0.00945449256934142,0.0,3.25,3.25
0.005293418176816107,1.1662123573952916e-06,0.00671853616084176,0.0,4.0,4.0
0.005149800226868478,1.017544242399191e-06,0.002869295353418653,0.0,4.0,4.0
0.005040472364316023,2.832495431472293e-06,0.0031195151658117257,0.0,4.0,4.0
0.005159319477458061,8.313516677253917e-07,0.004331262557128204,0.0,4.0,4.0
0.005126928947324713,7.894250691334634e-07,0.004362255108618784,0.0,4.0,4.0
0.005128611775754651,5.158212197766244e-07,0.004835772131998109,0.0,3.375,3.375
0.006542097472459216,0.00015858512658850372,0.009696966543042444,0.0,3.0,3.0
0.008594885110214,1.1264516230962787e-06,0.008606827014247071,0.0,3.0,3.0
0.01060158154740582,1.1639541296245173e-06,0.004896608501426972,0.0,3.0,3.0
0.01013110978303582,7.715986026228072e-05,0.010797323272672008,0.0,3.0,3.0
0.010821214737239905,1.3989200748009675e-06,0.01004984096910547,0.0,3.0,3.0
0.010170111750374373,1.0779124486739794e-06,0.009992657646962663,0.0,2.375,2.375
0.007119309766168257,1.1990937579881971e-06,0.008718784943643608,0.0,2.0,2.0
0.0037958367599202777,1.2069254261655477e-06,0.006977268804968172,0.0,2.0,2.0
0.0027177459334007717,1.2224772562587163e-06,0.006396134829313268,0.0,2.0,2.0
0.0027177459334007717,1.3146060535976748e-06,0.005872905441593175,0.0,2.0,2.0
0.0024809646194858446,1.3813813640103327e-06,0.005459010145415893,0.0,2.0,2.0
0.0024809646194858446,8.178067435885619e-07,0.005185911027434418,0.0,1.375,1.375
0.002882537406248412,1.207586720461449e-06,0.004991510465574015,0.0,1.0,1.0
0.004371561121482508,1.2144729499688035e-06,0.0051157039705919055,0.0,1.0,1.0
0.008425840183298587,1.1820445168602121e-06,0.00568305421708965,0.0,1.0,1.0
0.011111202732295539,0.0006206378793490705,0.0068627973852667746,0.0,1.0,1.0
0.014242815917437774,1.1309502115692978e-06,0.004354449787656826,0.0,1.0,1.0
0.01057060100743445,0.00013255558817238376,0.009044003847830804,0.0,1.625,1.625
0.005293418176816107,1.137357412990256e-06,0.006350242989790079,0.0,2.0,2.0
0.005149800226868478,9.994318757857031e-07,0.0027912434980698815,0.0,2.0,2.0
0.005040472364316023,4.5735348412162805e-06,0.0029827916025155403,0.0,2.0,2.0
0.005159319477458061,7.72394577386877e-07,0.004316630629290886,0.0,2.0,2.0
0.005126928947324713,6.713541689952958e-07,0.004156809523718589,0.0,2.0,2.0
0.005117409696735129,3.121347982206063e-07,0.004528519728400347,0.0,1.375,1.375
0.006542097472459216,0.00010921983765074387,0.009237800018144856,0.0,1.0,1.0
0.008594885110214,1.0825485044790204e-06,0.008293389583876811,0.0,1.0,1.0
0.010598894080011046,1.0852551481662922e-06,0.004740404499978318,0.0,1.0,1.0
0.01013110978303582,9.700757815515659e-05,0.010658957606386759,0.0,1.0,1.0
0.010821214737239905,1.324052111810541e-06,0.009945749271831181,0.0,1.0,1.0
0.010170111750374373,1.2577744245022181e-06,0.009940304909311677,0.0,1.0,1.0
0.007119309766168257,1.2498297595662612e-06,0.00864095772727952,0.0,1.0,1.0
0.0037958367599202777,1.218369533122913e-06,0.006935276133029628,0.0,1.0,1.0
0.0027177459334007717,1.2307294517364697e-06,0.0063497845937463375,0.0,1.0,1.0
0.002582442325449385,1.3156685840516346e-06,0.00579150272488291,0.0,1.0,1.0
0.0024809646194858446,1.3781852941034672e-06,0.005382831177611951,0.0,1.0,1.0
0.0024809646194858446,1.9380452893425636e-06,0.005064523897027751,0.0,1.625,1.625
0.002882537406248412,1.4423644169953739e-06,0.004853263365381074,0.0,2.0,2.0
0.004540690631421741,1.282571674747517e-06,0.005151623607788843,0.0,2.0,2.0
0.010046761581251649,1.2093066235468131e-06,0.006837202601682317,1.4326362001006583e-06,2.0,2.0
0.012862334904465604,0.0007603800846248915,0.007900469056059086,1.7939096766477805e-05,2.0,2.0
0.011475140165539887,1.1309228160959168e-06,0.0031380667704377094,3.808943636354576e-05,2.0,2.0
0.01004264175896684,0.00013337626548991965,0.008382196593567601,2.0025762536189633e-05,0.75,0.75
0.0053181570015246975,8.497181130751151e-07,0.006697218675968447,9.572189915237768e-05,0.0,0.0
0.005204945201819624,5.600005361958253e-07,0.0032760217608965104,0.00014933675172788382,0.0,0.0
0.005053526184087324,5.098524310991013e-07,0.004162574411169643,0.0001689887830814385,0.0,0.0
0.005188400273391236,3.7189467083975267e-06,0.005760209143060255,0.00017196306040990835,0.0,0.0
0.005189008126853844,4.5625290316489817e-07,0.006418177954797926,0.00011244636957529188,0.0,0.0
0.005141567767319181,0.0002017625723093862,0.006213844559027397,8.424523741896262e-06,3.125,3.125
0.006545797962502823,0.00011545577302115975,0.01191350975867122,2.9991927406455082e-05,5.0,5.0
0.008961516291236734,1.1134809791479861e-06,0.011184736015078805,0.00014575516122763217,5.0,5.0
0.010153313621183288,1.1340119014753305e-06,0.005771484049356401,0.00011314711554273242,5.0,5.0
0.009885502998527878,2.5756627089722687e-05,0.012223185567137978,8.59581720060395e-06,5.0,5.0
0.010821214737239905,1.8678763011523737e-06,0.011101457977934052,0.0,5.0,5.0
0.009865678632483749,1.2715587475548627e-06,0.010969290395356423,0.0,3.75,3.75
0.006645747138338401,1.3561926624503563e-06,0.009462456198899476,0.0,3.0,3.0
0.0035590554460053496,4.412023393863875e-06,0.00764733720816841,0.0,3.0,3.0
0.002650094129425078,9.0194025304897e-06,0.006874880305086887,0.0,3.0,3.0
0.002582442325449385,7.524195952480787e-06,0.006343956681513136,0.0,3.0,3.0
0.0024809646194858446,2.698845978321225e-06,0.00594321736017005,0.0,3.0,3.0
0.0024809646194858446,6.63520416981326e-07,0.005711941985572706,0.0,1.75,1.75
0.002882537406248412,1.243977552637845e-06,0.005511743121095506,0.0,1.0,1.0
0.004540690631421741,1.2935330772565868e-06,0.005786341315070736,0.0,1.0,1.0
0.010046761581251649,1.226141104922259e-06,0.007449017487904177,1.5260689957593968e-06,1.0,1.0
0.012834555811637012,0.0008070866475690217,0.0084639619675329,1.8452977142600868e-05,1.0,1.0
0.011370299994780531,1.076511235249157e-06,0.0034465834937530775,3.794928717005766e-05,1.0,1.0
0.010110100599320522,9.054814879276388e-05,0.008707250037235461,3.098854389348163e-06,1.625,1.625
0.005357272620356568,1.0400766997716964e-06,0.006502569036041465,0.0,2.0,2.0
0.005254655046208409,7.894300928099633e-07,0.002721875529114333,0.0,2.0,2.0
0.00512045240082054,9.68053392489499e-07,0.00304806480575547,0.0,2.0,2.0
0.005214676721404056,2.5234297922665063e-05,0.004374536414065726,0.0,2.0,2.0
0.005198177529606076,4.7601810772546033e-07,0.004883326731460668,0.0,2.0,2.0
0.0051572062650056955,0.0002679890164111358,0.005395586596003589,2.7235659934522295e-05,3.25,3.25
0.006498221144123382,9.706319096243832e-05,0.012161523639513259,0.0001384206867684212,4.0,4.0
0.008881278457726632,9.841535779938177e-07,0.011807106679844534,0.00015296505862596484,4.0,4.0
0.010091497308353492,9.150602648065773e-07,0.006347508029228495,0.00011372328444929464,4.0,4.0
0.00988214237482202,5.627608495323702e-05,0.01276023881780782,8.65810573104311e-06,4.0,4.0
0.010821214737239905,1.7139277572290915e-06,0.011502438188714438,0.0,4.0,4.0
0.009865678632483749,1.2490174122402034e-06,0.01129020506770449,0.0,2.75,2.75
0.006645747138338401,1.3133836322496735e-06,0.00962589603763223,0.0,2.0,2.0
0.0035590554460053496,3.7096205873497546e-06,0.007801939243807862,0.0,2.0,2.0
0.002650094129425078,6.000366062947412e-06,0.007123403343876339,0.0,2.0,2.0
0.002582442325449385,1.0432510919334182e-05,0.006570232558776236,0.0,2.0,2.0
0.0024809646194858446,1.7001717994657417e-05,0.00616223004661275,0.0,2.0,2.0
0.0024809646194858446,2.2889492506544503e-05,0.005791150287122201,0.0,4.5,4.5
0.002882537406248412,8.971003802111511e-06,0.005563549058501618,0.0,6.0,6.0
0.004540690631421741,1.7580035292414384e-06,0.005697722293398133,0.0,6.0,6.0
0.010046761581251649,1.353025317367623e-06,0.0075083062209493874,2.0866657697118284e-06,6.0,6.0
0.012870623411370139,0.0005152039820952066,0.008511330814235697,2.4152377677783923e-05,6.0,6.0
0.011507355677035471,1.149667450489735e-06,0.0032975130840185284,7.228583957464408e-05,6.0,6.0
0.010102184153850594,2.7760008683363336e-05,0.008921912869071014,0.00013337531580284931,4.125,4.125
0.005350250966239803,8.745707557916122e-07,0.007415952176321996,0.00015488043093696898,3.0,3.0
0.005204945201819624,6.858547868839333e-07,0.0034523014550924625,0.00014307675441874835,3.0,3.0
0.005087132421145891,6.334887601232875e-07,0.004545369087473409,0.00018367330413247027,3.0,3.0
0.005199602352410759,6.672802324442687e-07,0.005845959830767992,0.00015973893631122339,3.0,3.0
0.005199602352410759,4.97514212087978e-07,0.006244074510267191,0.00013342203220067869,3.0,3.0
0.005136270654540724,5.738063905140559e-06,0.006073796532833229,1.0308751787680823e-05,5.5,5.5
0.006532603778870017,2.685292929647087e-05,0.011622803301658031,0.0,7.0,7.0
0.008933737198408141,1.1261781578631454e-06,0.010910790707004708,2.611446638661743e-05,7.0,7.0
0.010153568994220988,1.2670275756295016e-06,0.005518391815852329,0.00010445786554646972,7.0,7.0
0.009885502998527878,9.699049291178245e-06,0.011951503688380423,8.704822128872479e-06,7.0,7.0
0.010821214737239905,1.9571004485898104e-06,0.010914378704717976,0.0,7.0,7.0
0.009865678632483749,8.063897538904756e-07,0.011036187698306285,0.0,3.875,3.875
0.006645747138338401,1.212646709873417e-06,0.009579183987042007,0.0,2.0,2.0
0.0035590554460053496,1.26447890485462e-06,0.0077449760109073555,0.0,2.0,2.0
0.002650094129425078,1.293760146602363e-06,0.006958502370293216,0.0,2.0,2.0
0.002582442325449385,1.4518881704019617e-06,0.006362184486537424,0.0,2.0,2.0
0.0024809646194858446,1.582782949809308e-06,0.005909061714061957,0.0,2.0,2.0
0.0024809646194858446,9.05868655453847e-07,0.00561824883348401,0.0,1.375,1.375
0.002882537406248412,1.3259744404582113e-06,0.005409330358656139,0.0,1.0,1.0
0.004540690631421741,1.3026721938592335e-06,0.00582259927645001,0.0,1.0,1.0
0.010046761581251649,1.2291824518367042e-06,0.007487105509238779,1.96208870883351e-06,1.0,1.0
0.012856733864955842,0.0013242208577741634,0.00830226592757518,2.9618196223820128e-05,1.0,1.0
0.011488334349172694,1.0960536546763522e-06,0.003411930040532498,8.717279834960309e-05,1.0,1.0
0.0100700464643661,3.78054027896287e-05,0.008521924253454233,6.518494710457995e-05,1.0,1.0
0.005306954922505174,9.659630583785373e-07,0.006689421541767297,2.6239043447495748e-05,1.0,1.0
0.005202500887765914,6.54498686763113e-07,0.003082787901330999,8.521070964076959e-05,1.0,1.0
0.005075930342126369,9.74541500101997e-07,0.0035001395891052288,3.288834407187598e-05,1.0,1.0
0.005189008126853844,8.053052418467325e-06,0.005172924056107115,0.0001394951639184967,1.0,1.0
0.005167211822277409,3.4897244898152703e-07,0.0063388918104778065,0.00018261439911500455,1.0,1.0
0.005157692571687826,0.0001761902428897414,0.006627874062835213,0.00012666372664802995,3.5,3.5
0.0065487285832386615,8.749038715088139e-05,0.012215030353809426,4.192018098555404e-05,5.0,5.0
0.008961516291236734,1.1064475379428524e-06,0.011436559303390244,0.00015579918676094658,5.0,5.0
0.010150626153788514,1.1661480457813145e-06,0.005922704788298026,0.00011599681581032395,5.0,5.0
0.00989222424593959,4.01040242615079e-05,0.012275375967735874,8.767110659311637e-06,5.0,5.0
0.010821214737239905,1.985121919563276e-06,0.011112016204207877,0.0,5.0,5.0
0.009865678632483749,1.8175870011088462e-06,0.010942841938753353,0.0,6.25,6.25
0.006645747138338401,1.5178985906931445e-06,0.009435936973930185,0.0,7.0,7.0
0.0035590554460053496,3.8658240781568195e-06,0.0075575015943071715,0.0,7.0,7.0
0.002650094129425078,2.3193408889047558e-06,0.006743085707121839,0.0,7.0,7.0
0.002582442325449385,1.593974392823942e-06,0.006181320054673162,0.0,7.0,7.0
0.0024809646194858446,1.759056832695217e-06,0.00571559726046674,0.0,7.0,7.0
0.0024809646194858446,5.4602679509073885e-08,0.005577343070563383,0.0,2.625,2.625
0.002882537406248412,6.83188192395708e-07,0.005489417973468701,0.0,0.0,0.0
0.004540690631421741,1.1344470135724107e-06,0.005781760430282115,0.0,0.0,0.0
0.010046761581251649,1.1563977000820597e-06,0.007439991633240662,1.712934587076874e-06,0.0,0.0
0.012856733864955842,0.0007116440682061569,0.00849222299285907,1.0277607522461244e-05,0.0,0.0
0.01150231140490587,1.1093304350752986e-06,0.0034372698653388186,8.56467293538437e-07,0.0,0.0
0.010075187933122372,0.00010007359906462277,0.008826561835268391,1.4995963703227541e-05,0.0,0.0
0.00531285988874624,9.794430663821343e-07,0.007081543655090542,5.9983854812910165e-05,0.0,0.0
0.005212686628651791,7.013828232198419e-07,0.003084193963724888,2.443267606476014e-05,0.0,0.0
0.005028198470991918,5.593221182854868e-07,0.004129830905220944,9.880518140911605e-05,0.0,0.0
0.005167211822277409,1.2136813100009267e-06,0.005901556401967105,0.00011313154341012263,0.0,0.0
0.005167134000266318,4.525392072454459e-07,0.006713573472779099,9.653165004808674e-05,0.0,0.0
0.005173783278814768,0.00010474155949718376,0.0064116891033549304,7.4590515200892965e-06,2.5,2.5
0.006599124103101144,0.00011122633798135392,0.011968899291698002,0.0,4.0,4.0
0.008957494742872454,1.148923065356291e-06,0.011053932146213113,2.6441481171423018e-05,4.0,4.0
0.010117187484815184,1.2255723883547865e-06,0.005778555982347112,0.00010576592468569207,4.0,4.0
0.00988214237482202,5.7044033449373884e-05,0.01228304865507057,8.813827057141006e-06,4.0,4.0
0.010821214737239905,1.798127594295435e-06,0.011132589740152042,0.0,4.0,4.0
0.009865678632483749,1.1603899715126647e-06,0.011062734580144297,0.0,2.75,2.75
0.006645747138338401,1.3001452905727495e-06,0.00957120415773396,0.0,2.0,2.0
0.0035590554460053496,2.3909238725118553e-06,0.00774923206139433,0.0,2.0,2.0
0.002650094129425078,4.816571895210218e-06,0.00708742210151663,0.0,2.0,2.0
0.0027177459334007717,5.390383779307063e-06,0.0065997295189627655,0.0,2.0,2.0
0.0024809646194858446,4.192779779123695e-06,0.006176988397517668,0.0,2.0,2.0
0.0024809646194858446,1.7788186312371207e-06,0.005872116396584172,0.0,1.375,1.375
0.002882537406248412,1.2622452802670906e-06,0.005666897555533221,0.0,1.0,1.0
0.004371561121482508,1.2527095366659345e-06,0.0056127694014481795,0.0,1.0,1.0
0.008425840183298587,1.201607037683933e-06,0.0061981546967354645,1.0744771500754937e-06,1.0,1.0
0.011097313185881242,0.00027322122208025136,0.007527392600169571,7.708205641845932e-06,1.0,1.0
0.014190796205979036,1.145713931703678e-06,0.004840171449826609,1.3999347216200998e-05,1.0,1.0
0.010594588785415745,9.633451624389201e-05,0.00963065207067899,7.069748204844552e-06,1.625,1.625
0.005294434514949752,1.1283502940964658e-06,0.007018579480415096,2.3731930097319597e-05,2.0,2.0
0.005176076674881298,9.77506724937584e-07,0.0028673556824328826,1.9776608414433e-06,2.0,2.0
0.005077182239846412,1.6264800376213013e-06,0.003188803704236673,8.315518813627734e-06,2.0,2.0
0.005128353770129394,6.763060259774953e-07,0.004419541155162114,4.209147444426173e-05,2.0,2.0
0.005128353770129394,5.242196038313168e-07,0.0049395041916416305,4.733928313376088e-05,2.0,2.0
0.005064039831367418,2.238806028595441e-06,0.0052602467995811475,4.961281449479019e-05,2.0,2.0
0.006493616235198924,3.325028690404255e-05,0.01045708320335307,4.176445965945614e-05,2.0,2.0
0.008618642654678313,1.0955537133080107e-06,0.009586968346432124,1.644417203593799e-05,2.0,2.0
0.010559569730172762,1.1257936974372085e-06,0.004962742030516618,5.2882962342846036e-05,2.0,2.0
0.01013110978303582,9.614809399786089e-05,0.01147731990892904,4.406913528570503e-06,2.0,2.0
0.010821214737239905,1.421193201324938e-06,0.010546892173048644,0.0,2.0,2.0
0.010170111750374373,1.3079825366211148e-06,0.010448456700972445,0.0,2.0,2.0
0.007119309766168257,1.2724812242354046e-06,0.00909771312855718,0.0,2.0,2.0
0.0037958367599202777,5.9709868708700605e-06,0.007322901650849955,0.0,2.0,2.0
0.0027177459334007717,9.137188734041061e-06,0.006801745389926612,0.0,2.0,2.0
0.0027177459334007717,1.6966657330600253e-05,0.006295921977990289,0.0,2.0,2.0
0.0024809646194858446,2.0570989249580325e-05,0.005929836777657194,0.0,2.0,2.0
0.0024809646194858446,1.7021024367179127e-05,0.005667964062596928,0.0,1.375,1.375
0.002882537406248412,1.0254459982387106e-05,0.0054842948636706825,0.0,1.0,1.0
0.004371561121482508,6.488236336005698e-06,0.005460675989221157,0.0,1.0,1.0
0.008425840183298587,1.1987386648529509e-06,0.006137296324126148,2.1489543001509873e-06,1.0,1.0
0.011091712146371481,4.6704089534349815e-05,0.007586928992802217,8.59581720060395e-06,1.0,1.0
0.014237518804659318,1.1403101649767867e-06,0.004829701463913686,7.163181000503292e-07,1.0,1.0
0.01057060100743445,0.00012405514565221517,0.009648771554510325,0.0,2.25,2.25
0.0053011596036482735,1.1822850468785378e-06,0.006825703784705289,0.0,3.0,3.0
0.005126167461700941,1.0136246590301873e-06,0.0028797598248416862,1.4482083327104478e-05,3.0,3.0
0.005007152384641375,8.799430607194759e-07,0.0036423813225522953,7.362504297908599e-05,3.0,3.0
0.005073559081957,5.459911869432096e-07,0.004959827703950688,8.424523741896261e-05,3.0,3.0
0.005084153307513915,4.1408366262881715e-07,0.005527016079823365,7.175638706591122e-05,3.0,3.0
0.005094185416238629,3.1408269500232516e-05,0.005482310555680516,2.3763074362539177e-05,2.375,2.375
0.006458173537549256,8.412346539383199e-05,0.0111109725062775,7.287758061381609e-05,2.0,2.0
0.008584114314231138,1.067817760626096e-06,0.01032128595196996,3.08795389652131e-05,2.0,2.0
0.010536851662461039,1.0897486184595074e-06,0.0055371669481855314,9.922562898958038e-05,2.0,2.0
0.010127749159329963,1.93344008853317e-05,0.011997557039613641,8.268802415798365e-06,2.0,2.0
0.010821214737239905,1.6380529145797067e-06,0.010977843625107078,0.0,2.0,2.0
0.010170111750374373,9.386305807458368e-07,0.0109386431683375,0.0,0.75,0.75
0.007119309766168257,1.1705178983863078e-06,0.009538323815730072,0.0,0.0,0.0
0.0037958367599202777,1.241528976408437e-06,0.007717788817340944,0.0,0.0,0.0
0.0027177459334007717,1.2735275014075877e-06,0.007068392767457716,0.0,0.0,0.0
0.002582442325449385,1.3966932112592998e-06,0.006487898252516991,0.0,0.0,0.0
0.0024809646194858446,1.4210916570338633e-06,0.00605360075475036,0.0,0.0,0.0
0.0024809646194858446,2.6248524856359515e-06,0.005633775946936392,0.0,1.25,1.25
0.002882537406248412,1.5728792200873609e-06,0.005335470396857388,0.0,2.0,2.0
0.004540690631421741,1.3115759885878303e-06,0.005531476911437428,0.0,2.0,2.0
0.010046761581251649,1.2204814341085413e-06,0.007264210929558305,4.157759406813867e-06,2.0,2.0
0.012854046397561067,0.00038489498320389215,0.008404509515518192,1.663103762725547e-05,2.0,2.0
0.011432208881706903,1.026318834995539e-06,0.0032992197714300886,1.385919802271289e-06,2.0,2.0
0.01002614256716886,4.4964620586944164e-05,0.008787208939447897,0.0,2.625,2.625
0.005265607258614442,9.614707622381256e-07,0.006614011628000529,0.0,3.0,3.0
0.005157692571687826,6.742467696776553e-07,0.002775728329076163,0.0,3.0,3.0
0.0050423241050678025,5.988838329321839e-07,0.0034733993531931135,0.0,3.0,3.0
0.005205507318651823,1.617841274345303e-05,0.0050319918817003165,3.0412374986919408e-05,3.0,3.0
0.005172508935055865,3.576055973583546e-07,0.0060994939028221245,0.00015743426068497453,3.0,3.0
0.005157692571687826,0.00021185638885729124,0.006806022870706822,0.00018808021766104075,3.0,3.0
0.006556547832081918,5.284094283895437e-05,0.012926685758240472,0.00018384459759117794,3.0,3.0
0.008961516291236734,1.0343648780834616e-06,0.012023682198633394,0.00014240715271652738,3.0,3.0
0.010145251218998964,1.1462469676931912e-06,0.006295040048605401,1.0900492826852834e-05,3.0,3.0
0.00989222424593959,3.15625225402685e-05,0.012737084443025529,0.0,3.0,3.0
0.010821214737239905,1.9535769780983837e-06,0.011569206614964963,0.0,3.0,3.0
0.009865678632483749,1.5106481978162253e-06,0.011343309354241129,0.0,3.0,3.0
0.006645747138338401,1.3781396649588177e-06,0.009778540329261743,0.0,3.0,3.0
0.0035590554460053496,2.4308859019964257e-06,0.007908590312265238,0.0,3.0,3.0
0.002650094129425078,5.730258932431305e-06,0.007100447917919272,0.0,3.0,3.0
0.002582442325449385,1.3457607859430205e-05,0.00653478239741416,0.0,3.0,3.0
0.0024809646194858446,1.9569448596159485e-05,0.006098583361370735,0.0,3.0,3.0
0.0024809646194858446,2.2640393208774785e-05,0.0057826957716279066,0.0,2.375,2.375
0.002882537406248412,1.5308107713397493e-05,0.00561239267767453,0.0,2.0,2.0
0.004540690631421741,7.770286871298458e-06,0.005795909837517233,0.0,2.0,2.0
0.010046761581251649,1.2311206233353034e-06,0.007796628350279735,4.0643266111551284e-06,2.0,2.0
0.012870623411370139,5.87431042512739e-05,0.00887954190888434,2.9057599449867697e-05,2.0,2.0
0.011562349733999437,1.0337688174001689e-06,0.003591075023781731,7.044832792668888e-05,2.0,2.0
0.010180062201123427,3.8576011502617704e-05,0.009352510735359029,9.783970918730908e-05,2.0,2.0
0.005417753531362875,8.726317051448151e-07,0.007263732777710681,0.00011943825711708749,2.0,2.0
0.005252522020199064,5.23166842572819e-07,0.00324484781924417,0.00013379576338331365,2.0,2.0
0.005087132421145891,4.456493830481475e-07,0.00453853919325486,0.0001377043686683709,2.0,2.0
0.005265224732173341,2.16659346189407e-05,0.006350846293582982,0.00016377211865715893,2.0,2.0
0.0052779326091240185,4.218585047667435e-07,0.007132851166904199,0.00017482833281010969,2.0,2.0
0.00524437210869586,0.00046083657115527754,0.007561789049788947,0.00018227181219758918,2.625,2.625
0.006675010045760695,7.16347080288126e-05,0.013586284236345007,0.00018329957294983528,3.0,3.0
0.009004988905397311,1.0363435682073378e-06,0.012636161671648194,0.00016936251426407346,3.0,3.0
0.01015945467508594,9.591322732163027e-07,0.007049818859103012,0.00011872193901703715,3.0,3.0
0.009885502998527878,3.893165100562336e-05,0.013782144348238386,8.985120515848692e-06,3.0,3.0
0.010821214737239905,1.4819116388484844e-06,0.012655247042218588,0.0,3.0,3.0
0.009865678632483749,1.30127532352194e-06,0.012537131922492685,0.0,4.25,4.25
0.006645747138338401,1.2691008698610127e-06,0.010771911012630819,0.0,5.0,5.0
0.0035590554460053496,3.5770370576107127e-06,0.008855779015318456,0.0,5.0,5.0
0.002650094129425078,1.4966050397389714e-06,0.008090262039272874,0.0,5.0,5.0
0.002582442325449385,2.6082243379880855e-06,0.007413230513346797,0.0,5.0,5.0
0.0024809646194858446,9.131135418420927e-06,0.006828593003044429,0.0,5.0,5.0
0.0024809646194858446,1.6545893647965332e-05,0.006368105014916542,0.0,5.0,5.0
0.002882537406248412,1.7372807363221643e-05,0.006058792308609087,0.0,5.0,5.0
0.004540690631421741,6.8346033189715546e-06,0.006176270641194219,0.0,5.0,5.0
0.010046761581251649,1.417761950545544e-06,0.008112025152518087,4.157759406813867e-06,5.0,5.0
0.012870623411370139,0.0005215012851708072,0.009051059321096415,3.0225509395601932e-05,5.0,5.0
0.01152385486883345,1.2088242761261306e-06,0.003616140820540829,7.113350176151965e-05,5.0,5.0
0.010113386232870116,2.7819360667135466e-05,0.009304189758459532,8.927503625192471e-05,3.75,3.75
0.005382233011702116,9.175732020361138e-07,0.007607643380200072,0.0001199988538910399,3.0,3.0
0.005210320136609172,6.823164251579171e-07,0.00341786946566266,9.502115318493713e-05,3.0,3.0
0.005075930342126369,6.559921323647972e-07,0.004044698581421677,3.357351790670673e-05,3.0,3.0
0.0052332085894693245,5.812377316311812e-07,0.00552983185757684,0.00013963531311198479,3.0,3.0
0.0052332085894693245,5.400665780444886e-07,0.006367014525322591,0.00017573151650147748,3.0,3.0
0.005204945201819624,2.2068825458917123e-06,0.006859448648358236,0.00016325823828103585,2.375,2.375
0.006632885984181895,4.442666635106615e-05,0.012670748595186382,0.00018171121542363676,2.0,2.0
0.008981683570373425,1.063563424176482e-06,0.011549321406157808,0.00016968952904887905,2.0,2.0
0.010192637971021571,1.074686359566323e-06,0.006121808994710691,0.00011929810792359937,2.0,2.0
0.009895584869645447,1.0706604992784967e-05,0.012533302972498465,9.031836913678061e-06,2.0,2.0
0.010821214737239905,1.7831475947995533e-06,0.011490210573849934,0.0,2.0,2.0
0.009865678632483749,1.8906539109835917e-06,0.011369590528954122,0.0,3.25,3.25
0.006645747138338401,1.4903444137764908e-06,0.009727026581626845,0.0,4.0,4.0
0.0035590554460053496,1.3543446668569758e-06,0.007851850318200045,0.0,4.0,4.0
0.002650094129425078,1.3632729916534723e-06,0.007059929773936475,0.0,4.0,4.0
0.002582442325449385,1.5543497203415875e-06,0.0064876291801803645,0.0,4.0,4.0
0.0024809646194858446,1.6833373951057833e-06,0.006001302293510114,0.0,4.0,4.0
0.0024809646194858446,1.1824626871364112e-07,0.005777495889558455,0.0,1.5,1.5
0.002882537406248412,8.328375464822041e-07,0.005616127532797711,0.0,0.0,0.0
0.004540690631421741,1.196678207109277e-06,0.005957824567154968,0.0,0.0,0.0
0.010046761581251649,1.1874626214218712e-06,0.007585743889018006,0.0,0.0,0.0
0.012867935943975364,0.001054787213577697,0.00849928146916664,0.0,0.0,0.0
0.01151840211203281,1.1586891158447638e-06,0.0035279023188196606,0.0,0.0,0.0
0.010112544913374235,7.130021239644934e-05,0.008697153791167287,0.0,0.0,0.0
0.005357272620356568,1.0768847142165703e-06,0.00676606915262511,0.0,0.0,0.0
0.005254655046208409,9.287100853497408e-07,0.0031162593948879224,0.0,0.0,0.0
0.005134578034896425,1.9408506927395963e-06,0.003361014203349406,0.0,0.0,0.0
0.005230568059739426,7.072556535159713e-07,0.004487992043844322,0.0,0.0,0.0
0.0052252709469609694,6.119735309336913e-07,0.004725725288156507,0.0,0.0,0.0
0.005211062437055537,2.480296783365366e-06,0.0049253829888000365,0.0,1.25,1.25
0.006645768879770336,0.00014184305262433905,0.010464380491454634,0.0,2.0,2.0
0.00899066969689436,1.118423301726294e-06,0.009623040417050867,0.0,2.0,2.0
0.01018457556883725,1.1529367006459284e-06,0.005271648476692655,0.0,2.0,2.0
0.009888863622233736,7.36247108842321e-05,0.01129128950754726,0.0,2.0,2.0
0.010821214737239905,1.4617858895047131e-06,0.01051307381777405,0.0,2.0,2.0
0.009865678632483749,1.3170025483506098e-06,0.010563193550629494,0.0,2.0,2.0
0.006645747138338401,1.303478526465717e-06,0.00906471202220601,0.0,2.0,2.0
0.0035590554460053496,1.6725272476200302e-06,0.007282189391684315,0.0,2.0,2.0
0.002650094129425078,1.281704648232797e-06,0.006557867494302539,0.0,2.0,2.0
0.002582442325449385,1.4178631256080405e-06,0.0060532821778355025,0.0,2.0,2.0
0.0024809646194858446,1.4959157669758073e-06,0.0056211942563119755,0.0,2.0,2.0
0.0024809646194858446,3.419067754279529e-07,0.0053799204859452405,0.0,0.75,0.75
0.002882537406248412,1.0927658304926368e-06,0.005222869853191984,0.0,0.0,0.0
0.004540690631421741,1.1974602583920401e-06,0.005550130752834993,0.0,0.0,0.0
0.010046761581251649,1.1778390073276663e-06,0.007204474572780496,4.017610213325759e-06,0.0,0.0
0.012828051974194402,0.0007299164924349387,0.008301357177836949,4.232505643340857e-05,0.0,0.0
0.011332690173879816,1.002535353004837e-06,0.003455137054004434,0.00012009228668669865,0.0,0.0
0.010020923276401495,0.00012655700272670955,0.008895339230259793,6.369002237404013e-05,0.625,0.625
0.00528455076446613,9.887455620334443e-07,0.006736007598578348,4.57820698727819e-06,1.0,1.0
0.005157692571687826,7.379320068898404e-07,0.0027650858868947742,0.0,1.0,1.0
0.005064728263106846,7.16497301374869e-07,0.0034308295712115675,2.3404915312514013e-05,1.0,1.0
0.005183711014075387,2.259542445690516e-05,0.005283929705685832,9.361966125005605e-05,1.0,1.0
0.005199602352410759,4.6528809609921644e-07,0.005853189452836047,7.801638437504671e-06,1.0,1.0
0.005136192832529633,0.00041803572813865883,0.006175948522402536,0.0,3.5,3.5
0.006532603778870017,5.020648901654712e-05,0.012174656689904518,0.0,5.0,5.0
0.008927910054178168,1.0886369513631187e-06,0.01155149181529683,2.7329092730181032e-05,5.0,5.0
0.010125475991719719,1.1030816224775027e-06,0.006267001367677801,0.00010931637092072413,5.0,5.0
0.009880529894385157,5.73276750704874e-05,0.012921538853306295,9.10969757672701e-06,5.0,5.0
0.010821214737239905,1.706320304580469e-06,0.011734344574471596,0.0,5.0,5.0
0.009865678632483749,1.5087139487975116e-06,0.011470161952828508,0.0,5.0,5.0
0.006645747138338401,1.4531123971774293e-06,0.009715524261656323,0.0,5.0,5.0
0.0035590554460053496,3.992816822840642e-06,0.00784182124559979,0.0,5.0,5.0
0.002650094129425078,5.4318594186485236e-06,0.007192717605999678,0.0,5.0,5.0
0.0027177459334007717,1.1193350184572828e-05,0.006694773680926568,0.0,5.0,5.0
0.0024809646194858446,1.8452775852350094e-05,0.006241922377656524,0.0,5.0,5.0
0.0024809646194858446,1.614426105058081e-05,0.0059665256542022335,0.0,3.125,3.125
0.002882537406248412,9.9378189478281e-06,0.005782901956422559,0.0,2.0,2.0
0.004371561121482508,8.278042855622498e-06,0.005721744661359692,0.0,2.0,2.0
0.00842247955959273,1.249114969392757e-06,0.006464503982940074,6.353430104794223e-06,2.0,2.0
0.011052054281310732,1.3447235727119204e-05,0.007916640155362673,4.0689982509380646e-05,2.0,2.0
0.014029777095896612,9.514821161581843e-07,0.005271725781318388,8.424523741896261e-05,2.0,2.0
0.010384305565972658,8.783478219460344e-05,0.010741159056511546,8.918160345626597e-05,1.375,1.375
0.005209494241906147,8.470410192713417e-07,0.007764190937266378,7.007459674405394e-06,1.0,1.0
0.005047540639569438,6.019139129145994e-07,0.0033452569046069406,3.3028493265364084e-05,1.0,1.0
0.004927385085426798,5.244456723416481e-07,0.005422916995302636,0.00013211397306145634,1.0,1.0
0.005078248341272849,5.372661102452437e-06,0.006612308336906683,1.1009497755121364e-05,1.0,1.0
0.005083545454051306,5.181366229695913e-07,0.00696545214063379,0.0,1.0,1.0
0.005020743787632788,0.0005252339962788038,0.007312107904493699,3.480371638288012e-05,4.75,4.75
0.006410596719169817,1.5798021322314947e-06,0.013643157963524853,0.00013921486553152048,7.0,7.0
0.00852316026738064,1.0723415144073304e-06,0.012674734632240394,1.1601238794293373e-05,7.0,7.0
0.01055125195495074,1.2286770135339077e-06,0.007210909560750203,0.0,7.0,7.0
0.010122776055187242,1.385623454216514e-05,0.014136961336838953,0.0,7.0,7.0
0.010821214737239905,1.7614667892958969e-06,0.012994077233798437,0.0,7.0,7.0
0.010170111750374373,1.3334729527812623e-06,0.012598381234478158,0.0,3.875,3.875
0.007119309766168257,1.2598829476862353e-06,0.010898455047474878,0.0,2.0,2.0
0.0037958367599202777,3.5574852045319358e-06,0.008996686325019326,0.0,2.0,2.0
0.0027177459334007717,1.1606381748606045e-06,0.008460656301860865,0.0,2.0,2.0
0.0027177459334007717,1.1547218234881705e-06,0.008068792463977415,0.0,2.0,2.0
0.0024809646194858446,2.0790289820355197e-05,0.007701103926502144,0.0,2.0,2.0
0.0024809646194858446,4.439566430284668e-06,0.007381130445795997,0.0,3.875,3.875
0.002882537406248412,9.711289860320483e-06,0.0069993634052295875,0.0,5.0,5.0
0.004371561121482508,1.5247079847000141e-05,0.006910269488936638,0.0,5.0,5.0
0.008425840183298587,1.3813074173010187e-06,0.007744418664770133,4.9519381699131445e-06,5.0,5.0
0.01108611110686172,1.2388303897939624e-06,0.008859365281892925,3.849431181140029e-05,5.0,5.0
0.014183132601157961,1.0290957459917292e-06,0.006233654136453373,0.0001020909013897817,5.0,5.0
0.01050093131906033,4.7579873337267806e-05,0.011873773639529708,0.0001403983476098645,1.875,1.875
0.0052596774927737835,7.832055964610522e-07,0.00940078942212483,0.00015651550486099692,0.0,0.0
0.005100090382479694,5.663479146759069e-07,0.00450409415650433,0.0001248729313979041,0.0,0.0
0.005007152384641375,5.776459903037283e-07,0.006166982809427932,0.00010705841169230463,0.0,0.0
0.005117151691109871,1.4205350436492532e-06,0.007462248136723626,3.684366575476258e-05,0.0,0.0
0.005083545454051306,6.132554355724302e-07,0.008283686013907863,0.00011417487629497854,0.0,0.0
0.005047462817558348,0.000308948450046967,0.00821661892010146,4.07678431724296e-05,3.125,3.125
0.006460617851602966,6.212676805896218e-05,0.014080374767710156,0.00012501308059139222,5.0,5.0
0.008532125467497808,1.1335961792771954e-06,0.013024900854424743,3.798043143527723e-05,5.0,5.0
0.010562001824529836,1.2265780110313044e-06,0.007616042798776008,0.00011833263570179241,5.0,5.0
0.010127749159329963,4.189364148752126e-05,0.014555441277456426,4.15153055376995e-05,5.0,5.0
0.010821214737239905,1.979057549978188e-06,0.013187246416629292,0.0,5.0,5.0
0.010170111750374373,1.4940300014765156e-06,0.012773901530903535,0.0,4.375,4.375
0.007119309766168257,1.4411462629177565e-06,0.011030766357325788,0.0,4.0,4.0
0.0037958367599202777,4.2019545056431515e-06,0.009001571871902293,0.0,4.0,4.0
0.0027177459334007717,1.3671786388051635e-06,0.008311794641251185,0.0,4.0,4.0
0.002582442325449385,9.467746999531407e-06,0.007638079403047963,0.0,4.0,4.0
0.0024809646194858446,8.832777807716044e-06,0.0071476974777168285,0.0,4.0,4.0
0.0024809646194858446,1.2177267447682982e-05,0.006823449119249823,0.0,1.5,1.5
0.002882537406248412,1.5459841992503036e-05,0.006563565184795252,0.0,0.0,0.0
0.004540690631421741,1.5947947973491272e-05,0.006640170544038389,0.0,0.0,0.0
0.01004340095754579,1.3697081311575303e-06,0.008816915197288456,6.820594083087916e-06,0.0,0.0
0.012783019174344106,1.1773037552167268e-06,0.009924801078756026,4.283893680953164e-05,0.0,0.0
0.011278678357807792,1.0369447563855962e-06,0.004626400929352238,8.58024506799416e-05,0.0,0.0
0.009905313861447466,0.00012418958729123168,0.011044676184397502,9.039622979982958e-05,0.625,0.625
0.005317549148062088,9.793304163852777e-07,0.00846150895124427,7.1008924700641315e-06,1.0,1.0
0.005170322626627412,7.816319779732862e-07,0.003623803735546215,0.0,1.0,1.0
0.0050423241050678025,6.741015575746925e-07,0.004875578488821378,0.0,1.0,1.0
0.005188400273391236,3.479307748850874e-06,0.006428113386563046,0.0,1.0,1.0
0.005188400273391236,5.19783331064828e-07,0.007052892050986934,0.0,1.0,1.0
0.005136348476551815,0.0005516342830951224,0.0077186290419122405,3.480371638288012e-05,4.125,4.125
0.006492846209333835,2.84659437647117e-06,0.01494245553561096,0.00013921486553152048,6.0,6.0
0.008944939277427665,1.0534799648678072e-06,0.01379610700269007,1.1601238794293373e-05,6.0,6.0
0.010140160925564608,1.180866226367597e-06,0.00776588888320774,8.315518813627734e-06,6.0,6.0
0.00986253207869239,1.588500106764319e-06,0.014877990250344066,3.326207525451094e-05,6.0,6.0
0.010821214737239905,1.8252776269811569e-06,0.013593890709942746,0.0,6.0,6.0
0.009865678632483749,1.506809453093464e-06,0.013269481438364655,0.0,4.75,4.75
0.006645747138338401,1.4707305420665935e-06,0.011346376057815777,0.0,4.0,4.0
0.0035590554460053496,3.487582395803155e-06,0.009327143098336557,0.0,4.0,4.0
0.002650094129425078,1.3631976377317396e-06,0.00855652235411109,0.0,4.0,4.0
0.002582442325449385,1.5679408556252758e-06,0.00800551798147695,0.0,4.0,4.0
0.0024809646194858446,7.496391390801313e-06,0.0074828306915120605,0.0,4.0,4.0
0.0024809646194858446,7.733448457036582e-06,0.007066503004267353,0.0,2.75,2.75
0.002882537406248412,1.3257387919860597e-05,0.006781794282887261,0.0,2.0,2.0
0.004540690631421741,1.704178569757561e-05,0.006927674444002441,0.0,2.0,2.0
0.010046761581251649,1.2694101479175045e-06,0.009044066595041023,6.633728491770439e-06,2.0,2.0
0.012837243279031785,1.2105259033737312e-06,0.009975302947632096,2.6534913967081756e-05,2.0,2.0
0.011440480339990589,1.0840254372470469e-06,0.004514865711169521,2.2392726692877682e-05,2.0,2.0
0.010174001590860179,9.362156786436403e-05,0.010517539438910529,0.00010796159538367242,3.875,3.875
0.005513437199573272,9.54712005735406e-07,0.008323567201005286,0.00014706322036685452,5.0,5.0
0.0053841784175106475,6.821378094125214e-07,0.0037642076404748523,0.00016950266345756157,5.0,5.0
0.005224608897007973,6.35132774213515e-07,0.005171505791062624,0.00018630499454352472,5.0,5.0
0.005328658791646448,9.310981184755142e-06,0.006762140929184076,0.00019357718047229654,5.0,5.0
0.005311751115177433,6.154261515304451e-07,0.007267317818615676,0.0001927051410461483,5.0,5.0
0.005324227537955858,0.0002742615802068912,0.007562283970207584,0.00018982429651333722,3.75,3.75
0.006761456116735456,7.729548446262926e-05,0.013760268329280055,0.00018396917465205625,3.0,3.0
0.009107178687506034,1.0652478891732002e-06,0.01290680788433576,0.00017076400619895455,3.0,3.0
0.010220730973522843,1.0867119366840672e-06,0.007267655926120673,0.00013068133686135568,3.0,3.0
0.009845311176889726,5.008728009019197e-05,0.014101707190053324,4.346182211392323e-05,3.0,3.0
0.010821214737239905,1.8177049800966761e-06,0.012818465284299913,0.0,3.0,3.0
0.009865678632483749,1.4055700558062645e-06,0.012517947518713903,0.0,2.375,2.375
0.006645747138338401,1.4068755106215447e-06,0.01069847291165793,0.0,2.0,2.0
0.0035590554460053496,3.2749860636975998e-06,0.008751762161170329,0.0,2.0,2.0
0.002650094129425078,1.3541110272352022e-06,0.008046125895029262,0.0,2.0,2.0
0.002582442325449385,5.633296558735398e-06,0.007456448497972821,0.0,2.0,2.0
0.0024809646194858446,8.078834901281499e-06,0.006979709895114434,0.0,2.0,2.0
0.0024809646194858446,2.9801610675529433e-06,0.006662768893860119,0.0,0.75,0.75
0.002882537406248412,1.2163668163514573e-06,0.006434950581268444,0.0,0.0,0.0
0.004540690631421741,1.271118895652471e-06,0.006513240019559692,0.0,0.0,0.0
0.010046761581251649,1.212266157229009e-06,0.008431454160367842,5.372385750377468e-06,0.0,0.0
0.012826041200012262,8.862807405333224e-05,0.009522724493243866,5.031356046223073e-05,0.0,0.0
0.01137432792877649,1.0462045911916523e-06,0.004262190175030932,0.00013301715675282416,0.0,0.0
0.010031595323969501,0.00013495910152002847,0.010252215806126397,7.33291724595e-05,1.25,1.25
0.005322846260840545,1.0341075299716271e-06,0.007877883932567616,2.764053538237683e-05,2.0,2.0
0.005207389515873333,7.531600601081948e-07,0.00348409841873314,8.932175264975408e-05,2.0,2.0
0.005053526184087324,6.763496684191436e-07,0.004635553506779254,7.443479387479507e-06,2.0,2.0
0.005188400273391236,7.33256176676505e-06,0.006097327340497277,0.0,2.0,2.0
0.005172275469022591,6.064607444972877e-07,0.0066279105775895394,0.0,2.0,2.0
0.005141567767319181,0.00021751003062522008,0.006981428580993674,3.111312095435994e-05,2.0,2.0
0.006577327798524709,7.956201388239313e-05,0.013331816375762225,0.00015734082788931579,2.0,2.0
0.008946292663852932,1.053938238576752e-06,0.01261074855729083,0.00016981410610975736,2.0,2.0
0.010140160925564608,1.0148790862414185e-06,0.007054181514494779,0.00013130422216574728,2.0,2.0
0.009817502815743645,5.684900210882648e-05,0.013879181925504466,4.442729433573019e-05,2.0,2.0
0.010821214737239905,1.644015041003314e-06,0.012491102097034574,0.0,2.0,2.0
0.009865678632483749,1.472500045490381e-06,0.01217676946060464,0.0,2.0,2.0
0.006645747138338401,1.4086996705569413e-06,0.010417057319060336,0.0,2.0,2.0
0.0035590554460053496,3.084709269093531e-06,0.008509370516288249,0.0,2.0,2.0
0.002650094129425078,1.3787499324159083e-06,0.007781863822197119,0.0,2.0,2.0
0.002582442325449385,5.542863816084279e-06,0.00718778402058645,0.0,2.0,2.0
0.0024809646194858446,1.1628778693132723e-05,0.006741179444966844,0.0,2.0,2.0
0.0024809646194858446,1.6927428588269345e-05,0.006382980425196713,0.0,2.0,2.0
0.002882537406248412,1.2817314081909897e-05,0.006135752787281419,0.0,2.0,2.0
0.004540690631421741,8.619082791943045e-06,0.006252425095642373,0.0,2.0,2.0
0.010046761581251649,1.2758593505447964e-06,0.008348991370001342,1.3547755370517095e-06,2.0,2.0
0.012837243279031785,3.105029600948543e-05,0.009406435979505804,8.315518813627734e-06,2.0,2.0
0.011456118837677106,1.1801893408643035e-06,0.003932123632024746,1.6008152322863876e-05,2.0,2.0
0.010039181106779486,0.00013012877332403255,0.00960881049099808,2.166083646021756e-05,3.875,3.875
0.005352383992249148,1.1922007027221869e-06,0.007401700005971632,2.608332212139785e-05,5.0,5.0
0.00527130988202857,1.0716204964881369e-06,0.003146166167570837,2.365406943427065e-05,5.0,5.0
0.0051743915488986335,1.0435435552314706e-06,0.0035196939336247443,1.837511647955192e-06,5.0,5.0
0.005316328455240487,1.014580529184594e-06,0.004440198796659097,0.0,5.0,5.0
0.005303289915629864,9.453539485225716e-07,0.004668388790221217,7.3811908570403475e-06,5.0,5.0
0.005183969019700645,7.422897017403358e-07,0.005168409893562093,3.723296907000732e-05,5.0,5.0
0.006606865529933312,0.00011957516796863029,0.010836422826729086,3.329321951973051e-05,5.0,5.0
0.009070886604000699,1.0559149936778762e-06,0.010083550202554126,2.569401880615311e-06,5.0,5.0
0.010201466492318999,1.034707090291751e-06,0.005361286221926567,9.016264781068271e-06,5.0,5.0
0.00983039186446156,8.474695321366866e-05,0.011732134135792585,3.6065059124273085e-05,5.0,5.0
0.010821214737239905,1.6881006570355004e-06,0.010777498693972737,0.0,5.0,5.0
0.009865678632483749,1.0021977113380294e-06,0.010855965059967,0.0,3.125,3.125
0.006645747138338401,1.2496480172887053e-06,0.009480189819703872,0.0,2.0,2.0
0.0035590554460053496,1.2620889561289279e-06,0.007758795596413722,0.0,2.0,2.0
0.002650094129425078,1.2784308950915487e-06,0.007023903052796317,0.0,2.0,2.0
0.002582442325449385,1.398392255146791e-06,0.006477216407115483,0.0,2.0,2.0
0.0024809646194858446,1.4834503736827832e-06,0.0060158168481908355,0.0,2.0,2.0
0.0024809646194858446,3.3094877885060525e-07,0.005730962926827228,0.0,0.75,0.75
0.002882537406248412,1.0975335062629583e-06,0.005519201398168631,0.0,0.0,0.0
0.004540690631421741,1.2038385282673835e-06,0.005749032485457539,0.0,0.0,0.0
0.010046761581251649,1.178007824109701e-06,0.00746445604597894,5.8862661265005304e-06,0.0,0.0
0.01285673386495584,0.000548129299086259,0.008613789734255648,3.798043143527723e-05,0.0,0.0
0.01154524268873885,1.0618235951256094e-06,0.0035051213100689457,7.923101071861031e-05,0.0,0.0
0.010187195774492987,0.00014773650859736066,0.00906944581259937,0.00010660681984662073,0.625,0.625
0.005424964926743526,9.964496919764999e-07,0.006997466051955803,0.00012451477234787895,1.0,1.0
0.005254655046208409,6.760756146536094e-07,0.003052423828699626,0.00013122636150269835,1.0,1.0
0.005145994294573108,5.723145422522714e-07,0.0038717180099901564,0.0001567802311153633,1.0,1.0
0.005238505702247782,9.198619876004746e-06,0.005468684333274275,0.00015145456176281525,1.0,1.0
0.005215693059537701,4.919829186049978e-07,0.006219381382984267,0.00016347624813757295,1.0,1.0
0.005273224164630763,0.00019396132696013692,0.00657711247539149,0.00018744176022403937,2.875,2.875
0.0066745237390785665,3.931451244848218e-05,0.012441858256589623,0.0001840470353151052,4.0,4.0
0.008968696821891975,1.0658661297442543e-06,0.011716380277082824,0.0001433414806731148,4.0,4.0
0.010137218085132132,1.130950339129697e-06,0.006187327774226407,1.0978353489901783e-05,4.0,4.0
0.009839279038415649,7.153910872987351e-05,0.012838724086780811,0.0,4.0,4.0
0.010821214737239905,1.6922292415132807e-06,0.011657417016769991,0.0,4.0,4.0
0.009865678632483749,1.1941461203092068e-06,0.011462260481710552,0.0,2.75,2.75
0.006645747138338401,1.2574988135238588e-06,0.00978520635993327,0.0,2.0,2.0
0.0035590554460053496,4.346011468590859e-06,0.007932089931473147,0.0,2.0,2.0
0.002650094129425078,4.682064032324909e-06,0.007279127143981478,0.0,2.0,2.0
0.0027177459334007717,6.286389459718783e-06,0.006822386397067043,0.0,2.0,2.0
0.0024809646194858446,1.3105074386566421e-05,0.006397081361533037,0.0,2.0,2.0
0.0024809646194858446,1.6741906729196393e-05,0.006105202235459726,0.0,0.75,0.75
0.002882537406248412,1.913529049845773e-05,0.005898676189888644,0.0,0.0,0.0
0.004371561121482508,1.8444337923752353e-05,0.005860616462054477,0.0,0.0,0.0
0.008425840183298587,1.3929528719926564e-06,0.006762913806649017,1.448208332710448e-06,0.0,0.0
0.011066620520937664,1.1776658577842366e-06,0.008107464035290425,8.735966394092058e-06,0.0,0.0
0.014147908646915444,1.1109487735129693e-06,0.005408341165712244,1.6226162179400934e-05,0.0,0.0
0.010529705552984143,4.829076198831547e-05,0.010357821011825268,1.686461961640231e-05,0.625,0.625
0.005388656109998383,1.1314533705294618e-06,0.007237497219422776,6.836166215697706e-06,1.0,1.0
0.005166455062688639,9.862298509660284e-07,0.002895014156346958,2.2050139775462306e-05,1.0,1.0
0.0050944115123941185,8.43442863986787e-07,0.0034953432514647762,1.837511647955192e-06,1.0,1.0
0.005226214189118525,1.8194144049551436e-06,0.004552387023443612,7.007459674405394e-06,1.0,1.0
0.005141392309740017,6.980652771055874e-07,0.005301138748697543,3.5364313156832546e-05,1.0,1.0
0.0051121125839566715,2.3181446133995585e-05,0.0055511916708924575,3.167371772831238e-05,2.875,2.875
0.006620116441128111,1.4954751423283333e-05,0.01052006474653228,2.4448248197369926e-06,4.0,4.0
0.008662567478279315,1.2074278612385633e-06,0.009589239162159407,9.85715994199692e-06,4.0,4.0
0.010554479436738408,1.321846142162475e-06,0.005036254737742996,4.891206852734964e-05,4.0,4.0
0.010061361456982595,8.577252433368772e-05,0.01175769610814172,4.1219435018113504e-05,4.0,4.0
0.010821214737239905,1.4906213120160326e-06,0.01088942906242769,0.0,4.0,4.0
0.010170111750374373,1.29725042729921e-06,0.01073918945362755,0.0,4.0,4.0
0.007119309766168257,1.2799040022489e-06,0.009299523688347406,0.0,4.0,4.0
0.0037958367599202777,5.3431123299202e-06,0.007503698186245762,0.0,4.0,4.0
0.0027177459334007717,7.211407310027279e-06,0.006927972688321194,0.0,4.0,4.0
0.0027177459334007717,2.9246572110521137e-06,0.006434808310480737,0.0,4.0,4.0
0.0024809646194858446,1.629080665334981e-06,0.006013629688160316,0.0,4.0,4.0
0.0024809646194858446,3.043713234872104e-07,0.0057805987325552635,0.0,2.125,2.125
0.002882537406248412,1.0789207421244927e-06,0.0055603110308752425,0.0,1.0,1.0
0.004371561121482508,1.2113669335781849e-06,0.005537031197303122,0.0,1.0,1.0
0.00842247955959273,1.183572422998297e-06,0.006079885363316646,3.129998654567742e-06,1.0,1.0
0.01107513513256241,0.0003336407805601446,0.007436059238037355,1.2519994618270969e-05,1.0,1.0
0.014177602022346228,1.118297938719719e-06,0.004808171394920323,9.545717289801124e-06,1.0,1.0
0.01047882372643953,9.585964244110805e-05,0.009699144683645035,4.428714514224209e-05,1.625,1.625
0.005259599670762692,1.066291171037656e-06,0.007185602560423441,5.5717090477827774e-05,2.0,2.0
0.005115573236144027,8.103866569369271e-07,0.003070490418283189,5.051599818615799e-05,2.0,2.0
0.005065800077411432,9.32695490074094e-07,0.0035626386711720957,1.8079245959965913e-05,2.0,2.0
0.005094747533070827,6.46802248907157e-07,0.004773386618477728,7.161623787242312e-05,2.0,2.0
0.005094747533070827,5.374890607029473e-07,0.005296202020047719,6.470221099367647e-05,2.0,2.0
0.005144503114090021,1.0274673609783606e-06,0.005220889863769195,4.9986545677425135e-06,2.625,2.625
0.006552283213345093,4.383728265315725e-05,0.010158525325322422,0.0,3.0,3.0
0.008576502500539237,1.1100168739848826e-06,0.009553394151049619,2.102237902321618e-05,3.0,3.0
0.010522962116046742,1.004936936482698e-06,0.005079920940148863,9.389995963703226e-05,3.0,3.0
0.010056524015672003,5.720979018613222e-05,0.011837331930943393,4.624923385107559e-05,3.0,3.0
0.010821214737239905,1.1389111881119968e-06,0.010845384640382165,0.0,3.0,3.0
0.010170111750374373,8.856108517074185e-07,0.010755635375770328,0.0,1.125,1.125
0.007119309766168257,1.099300646042446e-06,0.009325619788105928,0.0,0.0,0.0
0.0037958367599202777,2.9238360867392756e-06,0.007545803941931243,0.0,0.0,0.0
0.0027177459334007717,4.323570644147046e-06,0.0070597438385557034,0.0,0.0,0.0
0.002582442325449385,9.088772536367803e-06,0.006560217512982026,0.0,0.0,0.0
0.0024809646194858446,1.5617668322437884e-05,0.00619463354068627,0.0,0.0,0.0
0.0024809646194858446,1.5484360381895474e-05,0.005893800524280644,0.0,0.0,0.0
0.002882537406248412,1.0696136727191908e-05,0.005658966309036094,0.0,0.0,0.0
0.004540690631421741,1.3069671209878952e-05,0.005753896937180083,0.0,0.0,0.0
0.010046761581251649,1.4158122550540421e-06,0.007914440399261426,4.484774191619451e-06,0.0,0.0
0.012870623411370139,1.1658754005139057e-06,0.008990795375158034,2.686192875188734e-05,0.0,0.0
0.011605611680492364,1.083757074421075e-06,0.003789294070494057,6.231967470437863e-05,0.0,0.0
0.010203286481619929,0.00012099129903343624,0.009548581267189412,0.0001338736240463626,2.5,2.5
0.0054710796719612,9.825247122777196e-07,0.0073591296284781105,0.00016469087448113653,4.0,4.0
0.005335429616975379,6.637009191274202e-07,0.003168528004875071,0.0001679298780639728,4.0,4.0
0.005248552950219875,6.520111826893551e-07,0.003962865009153229,0.00012163392781506784,4.0,4.0
0.00531215959984847,1.662113252172155e-05,0.005587140186884497,0.0001727728113056174,4.0,4.0
0.00538271433248786,6.325864759846014e-07,0.005966148216966448,0.00013209840092884655,4.0,4.0
0.005285932041581442,0.00025609569767232114,0.006402604457219934,0.00018459205995644784,5.875,5.875
0.006692937213478739,4.2180348856508195e-05,0.01246549384177877,0.00018409375171293458,7.0,7.0
0.009074476869328319,1.0716347266649075e-06,0.011788382902654576,0.0001718851997468594,7.0,7.0
0.010217788133090365,1.187368444301898e-06,0.006310062237957135,0.00013451208148336396,7.0,7.0
0.00983858992947801,2.1249057163940556e-05,0.012893824733803806,4.981525221871745e-05,7.0,7.0
0.010821214737239905,1.9911425188929783e-06,0.011691428054525454,0.0,7.0,7.0
0.009865678632483749,1.1455254034171474e-06,0.011492687438969357,0.0,4.5,4.5
0.006645747138338401,1.3096802729102211e-06,0.00985564923389581,0.0,3.0,3.0
0.0035590554460053496,2.750680398069854e-06,0.008019141521427247,0.0,3.0,3.0
0.002650094129425078,3.830319003502415e-06,0.007300697654463324,0.0,3.0,3.0
0.002582442325449385,8.728666892535227e-06,0.006727907821710089,0.0,3.0,3.0
0.0024809646194858446,1.540892109146553e-05,0.006286660252340059,0.0,3.0,3.0
0.0024809646194858446,1.803759270396598e-05,0.005994535482610459,0.0,1.75,1.75
0.002882537406248412,9.881030759796642e-06,0.005829624125049211,0.0,1.0,1.0
0.004540690631421741,4.473122191747857e-06,0.0059825308930729825,0.0,1.0,1.0
0.010046761581251649,1.2230872172247268e-06,0.007976807834430692,4.531490589448821e-06,1.0,1.0
0.012870623411370139,6.300596097114935e-05,0.00903431015273289,3.4616850791562644e-05,1.0,1.0
0.011622188694301436,1.0811320925107806e-06,0.0037669872775610417,8.952419037368136e-05,1.0,1.0
0.01025726420045025,4.275769891760592e-05,0.009468885264585987,0.00012032586867584549,2.25,2.25
0.005535841357612318,9.507451256264082e-07,0.0073059019107816385,0.00014441595782319026,3.0,3.0
0.005394928287089744,6.193082974087257e-07,0.0032234530726940507,0.00016495560073550298,3.0,3.0
0.005237803080640779,5.605507705414107e-07,0.004366195276617249,0.0001820538023410521,3.0,3.0
0.005372859254261928,1.3652566979536841e-05,0.006004440759201935,0.00019301658369834412,3.0,3.0
0.00538019219642306,4.849135778457218e-07,0.00657808813129802,0.00019245598692439167,3.0,3.0
0.005351928808773359,0.0003260523354819517,0.006886031136136568,0.00018962185878940993,4.25,4.25
0.006790697282725816,6.181488031045398e-05,0.012946931684578807,0.00018409375171293458,5.0,5.0
0.00911792855708513,1.0629431681755255e-06,0.012236402663753984,0.00017197863254251813,5.0,5.0
0.010226332013032606,1.1460047630815097e-06,0.006743729237933327,0.00013521282745080452,5.0,5.0
0.009833481162503164,3.257333374789833e-05,0.013410529198980965,5.115445562315937e-05,5.0,5.0
0.010821214737239905,1.9749233646336873e-06,0.012181965104054537,0.0,5.0,5.0
0.009865678632483749,1.2654975746630007e-06,0.01189249014011281,0.0,3.125,3.125
0.006645747138338401,1.3679848120338456e-06,0.01012797785564153,0.0,2.0,2.0
0.0035590554460053496,3.17793986682888e-06,0.008262628422944823,0.0,2.0,2.0
0.002650094129425078,1.4529074957448031e-06,0.007549378122217125,0.0,2.0,2.0
0.002582442325449385,6.018556187164605e-06,0.006960295317585383,0.0,2.0,2.0
0.0024809646194858446,1.296324275041789e-05,0.006499276699423,0.0,2.0,2.0
0.0024809646194858446,1.6541439867133883e-05,0.006159912821712566,0.0,1.375,1.375
0.002882537406248412,1.3002380705765605e-05,0.005945044874753062,0.0,1.0,1.0
0.004540690631421741,1.3370842425385026e-05,0.006063979700473056,0.0,1.0,1.0
0.010046761581251649,1.396212700683043e-06,0.008251165501569324,6.073131717818007e-06,1.0,1.0
0.012831642239522024,1.1832030746635388e-06,0.009315008323221451,3.601834272644372e-05,1.0,1.0
0.011442063959932835,1.0901898497721858e-06,0.004039951099990884,8.111523876439488e-05,1.0,1.0
0.010028664703233662,0.0001233604130655564,0.010056938430381855,0.00015148570602803481,1.0,1.0
0.005344234080745945,9.125665614871453e-07,0.007835012046067681,8.603603266908844e-05,1.0,1.0
0.0052010760649612315,7.301420699141101e-07,0.0033117834485410272,3.0194365130382353e-05,1.0,1.0
0.005087132421145891,6.593578474317313e-07,0.00455113746808174,9.56751827545483e-05,1.0,1.0
0.005222006510449803,1.079171893964202e-05,0.006038103139220885,3.534874102422276e-05,1.0,1.0
0.005188400273391236,5.047164880488315e-07,0.0067804217510189935,0.00010950323651204161,1.0,1.0
0.005154761950951987,0.00035726020112815404,0.007049285874129855,3.8977047922303776e-05,2.25,2.25
0.006585069225356877,7.434391358216947e-05,0.013318175476453378,0.0001513144125693271,3.0,3.0
0.008935090584833409,1.0415159894249664e-06,0.012710355983658416,0.0001661235106812372,3.0,3.0
0.01012576063307491,9.863112102191388e-07,0.007264275174176108,0.0001355554143682199,3.0,3.0
0.009822058136612983,4.2179988654526705e-05,0.014109708786477063,5.249365902760129e-05,3.0,3.0
0.010821214737239905,1.5849587864473222e-06,0.012781331835039164,0.0,3.0,3.0
0.009865678632483749,1.4653253173777945e-06,0.012480217145011336,0.0,3.0,3.0
0.006645747138338401,1.4082955922000277e-06,0.010692985115961149,0.0,3.0,3.0
0.0035590554460053496,3.844953085653125e-06,0.008752869548714216,0.0,3.0,3.0
0.002650094129425078,1.3141018853742846e-06,0.008026008560120031,0.0,3.0,3.0
0.002582442325449385,5.22771234385889e-06,0.007443047124682578,0.0,3.0,3.0
0.0024809646194858446,7.0967729917736955e-06,0.0069300920041132415,0.0,3.0,3.0
0.0024809646194858446,1.2741160964594922e-05,0.006522143744899325,0.0,3.0,3.0
0.002882537406248412,1.762783212130941e-05,0.00624420035797159,0.0,3.0,3.0
0.004540690631421741,2.0953014800964745e-05,0.0064774714754792136,0.0,3.0,3.0
0.010046761581251649,1.2413164548428444e-06,0.008606756955445492,7.287758061381609e-06,3.0,3.0
0.012823353732617487,1.1861075405776494e-06,0.009600816290646479,2.9151032245526435e-05,3.0,3.0
0.01139714057148657,1.0627178671923778e-06,0.0043212833064035505,2.429252687127203e-06,3.0,3.0
0.010028586881222571,4.939904769791057e-05,0.010207802811064585,2.2237005366779782e-05,3.0,3.0
0.005392418752587993,9.84961059219502e-07,0.00795682731011825,0.00011791218812132809,3.0,3.0
0.005351928808773359,7.21908236381315e-07,0.003548728354500681,0.00015536316704787247,3.0,3.0
0.005160786318746579,6.37521187781784e-07,0.004835335973624535,0.0001726482342447391,3.0,3.0
0.005306862487070013,1.0985369904760611e-05,0.006412212928296125,0.00018527723379127862,3.0,3.0
0.005306862487070013,5.577196338386283e-07,0.0070011332309282736,0.00019163066389607283,3.0,3.0
0.005285932041581442,0.00022475129982146077,0.0072910645188185,0.0001894194210654827,4.25,4.25
0.006714733518055176,5.084612119922194e-05,0.013330067810313411,0.00018412489597815417,5.0,5.0
0.009085678948347841,1.0794499871802244e-06,0.012495070799486101,0.0001723523637251531,5.0,5.0
0.010209499626185833,1.1315580202860094e-06,0.006917542145662079,0.0001366298915182954,5.0,5.0
0.0098318686820663,1.653930264360496e-05,0.013664434788239591,5.383286243204321e-05,5.0,5.0
0.010821214737239905,1.8143468603647429e-06,0.012466695136881605,3.6905954285201737e-06,5.0,5.0
0.009865678632483749,1.219642861827213e-06,0.012179992060040756,0.0,3.125,3.125
0.006645747138338401,1.3427001718992584e-06,0.010400437097075032,0.0,2.0,2.0
0.0035590554460053496,3.4599962963029477e-06,0.008474063970861331,0.0,2.0,2.0
0.002650094129425078,3.3953938409278245e-06,0.007767785211296977,0.0,2.0,2.0
0.002582442325449385,5.105086434081858e-06,0.0071675361024507635,0.0,2.0,2.0
0.0024809646194858446,1.1846741430760327e-05,0.0066847006286987615,0.0,2.0,2.0
0.0024809646194858446,1.5293360783189288e-05,0.006295892677061241,0.0,2.0,2.0
0.002882537406248412,1.0759064819382748e-05,0.006053268283759468,0.0,2.0,2.0
0.004540690631421741,1.1526291485015349e-05,0.006168394492456379,0.0,2.0,2.0
0.010046761581251649,1.3656854061976978e-06,0.0083171235088805,5.045370965571883e-06,2.0,2.0
0.012870623411370139,2.465098491445735e-06,0.00932576415435431,3.7653416650471645e-05,2.0,2.0
0.011663614180203258,1.0443415779435668e-06,0.004000594550993249,9.474085479796092e-05,2.0,2.0
0.01027620770630194,6.557893307201179e-05,0.00982929513875952,0.0001263990003936635,3.875,3.875
0.005568431256537239,9.284630305490928e-07,0.007644652057368905,0.0001511898355084488,5.0,5.0
0.005406130366109266,5.797520875922465e-07,0.003388375887816344,0.00017229007519471392,5.0,5.0
0.005272497003431778,4.6890107603445646e-07,0.004690807354259734,0.0001884383767110659,5.0,5.0
0.005425635988793155,1.548652318482648e-05,0.006343809708977611,0.00019328130995271053,5.0,5.0
0.005425635988793155,3.9526095564560383e-07,0.006940490633350143,0.00019220683280263504,5.0,5.0
0.005394928287089744,0.0003940464375668322,0.007270990152048977,0.0001893727046676533,4.375,4.375
0.006817007827980339,8.290799018997777e-05,0.013394315772804612,0.00018393803038683668,4.0,4.0
0.009143922980451795,1.0661929331960254e-06,0.012619588874048246,0.00017238350799037266,4.0,4.0
0.010231933052542367,1.0988558311678857e-06,0.007041724804619626,0.00013714377189441844,4.0,4.0
0.009833481162503164,5.051676929190877e-05,0.013843564743795441,5.515649370387534e-05,4.0,4.0
0.010821214737239905,1.7192729510010237e-06,0.012646436218634668,3.799600356788702e-06,4.0,4.0
0.009865678632483749,1.137829839968167e-06,0.012343861358455128,0.0,1.5,1.5
0.006645747138338401,1.2533706146203043e-06,0.01054248961743848,0.0,0.0,0.0
0.0035590554460053496,3.9539973106111075e-06,0.008584216911478298,0.0,0.0,0.0
0.002650094129425078,1.27856481257495e-06,0.007843379140077577,0.0,0.0,0.0
0.0027177459334007717,4.992137127760614e-06,0.007319219143482459,0.0,0.0,0.0
0.0024809646194858446,6.939610093463638e-06,0.006823562439004029,0.0,0.0,0.0
0.0024809646194858446,1.3557437530464498e-05,0.00642930335046332,0.0,1.25,1.25
0.002882537406248412,1.7824794775279868e-05,0.006179108559884462,0.0,2.0,2.0
0.004371561121482508,2.1190443660864755e-05,0.006169217141982387,0.0,2.0,2.0
0.008425840183298587,1.2345789996392458e-06,0.007108898024749409,4.905221772083775e-06,2.0,2.0
0.011105601692785778,1.1865690874732523e-06,0.00837804577806559,3.6532223102566784e-05,2.0,2.0
0.014347132531157915,1.0242382065370974e-06,0.005768800036326619,9.165757254122254e-05,2.0,2.0
0.010712389673774629,0.00010870493488767516,0.011075457371331195,0.00012200765899770279,2.625,2.625
0.005488077621198798,8.747846246304198e-07,0.008268583745002424,0.00014564615629936365,3.0,3.0
0.005290073467749814,5.593418641021919e-07,0.0036800684044597538,0.0001659677893551393,3.0,3.0
0.005187142032137715,5.0372403278175e-07,0.005164186366607605,0.00018281683683893182,3.0,3.0
0.005280712311872677,6.31705113928165e-06,0.00679470795793037,0.00019284529023963642,3.0,3.0
0.005277781691136838,4.980399361168692e-07,0.0073674531874218805,0.00019220683280263504,3.0,3.0
0.005257823859012525,0.0004698760364807176,0.007556693473709763,0.0001893727046676533,1.125,1.125
0.006697697922982702,6.940954591455336e-05,0.013308233939405318,0.00018393803038683668,0.0,0.0
0.00872214397040477,1.0422413241486983e-06,0.012559274967035397,0.0001724769407860314,0.0,0.0
0.010643308723283689,9.62674272231526e-07,0.0073704566412169424,0.00013793795065751772,0.0,0.0
0.010072366699599392,3.9816165657351504e-05,0.014303616184301659,5.686942829095221e-05,0.0,0.0
0.010821214737239905,1.4140100879667106e-06,0.01303542053747622,3.9397495502768105e-06,0.0,0.0
0.010170111750374373,1.4191334729532305e-06,0.012679915639234821,0.0,0.625,0.625
0.007119309766168257,1.3806123440358217e-06,0.011011141350189716,0.0,1.0,1.0
0.0037958367599202777,3.6287731655143415e-06,0.009025483367842133,0.0,1.0,1.0
0.0027177459334007717,1.3330368551043851e-06,0.008385700646897625,0.0,1.0,1.0
0.0027177459334007717,4.504354522258646e-06,0.007787809792464612,0.0,1.0,1.0
0.0024809646194858446,7.454197633123766e-06,0.00724066612854713,0.0,1.0,1.0
0.0024809646194858446,9.241411058563344e-06,0.00684496334494189,0.0,1.0,1.0
0.002882537406248412,1.4177278615421016e-05,0.006533462497553397,0.0,1.0,1.0
0.004371561121482508,1.7591543327170694e-05,0.006532754434496345,0.0,1.0,1.0
0.008425840183298587,1.2129870256952753e-06,0.007541187750713284,4.438057793790083e-06,1.0,1.0
0.011100000653276015,1.1852576426341835e-06,0.008767952562262328,3.335550805016967e-05,1.0,1.0
0.014277927952427497,1.0746869695825225e-06,0.00616326853022816,7.463723159872233e-05,1.0,1.0
0.010696906820110295,9.28270438565391e-05,0.01131879718452198,7.293986914425525e-05,2.25,2.25
0.005436466394411097,9.63362123309509e-07,0.00849420084805767,0.00013093049098311232,3.0,3.0
0.005252448924222976,6.361451260202512e-07,0.0038028389229164093,0.00015284048156508653,3.0,3.0
0.0050991612200072586,5.369495284582364e-07,0.005315154231910099,0.00016864619616402312,3.0,3.0
0.005202007667730082,3.308564425286141e-06,0.006899228070848309,0.00018152434983231927,3.0,3.0
0.005202007667730082,5.404131634640288e-07,0.0075690259565175865,0.00019005787850248407,3.0,3.0
0.005181077222241513,0.00038973365722461974,0.007780367787481999,0.0001892636997393848,3.625,3.625
0.0066110621107440554,1.8807475028074623e-05,0.013451190471659496,0.00018398474678466605,4.0,4.0
0.00868989436166748,1.076539251281646e-06,0.012676438859583394,0.00017275723917300765,4.0,4.0
0.010620875296927151,1.1044395202630566e-06,0.0074228509597958695,0.00013879441795105614,4.0,4.0
0.010067393595456671,4.195685286770347e-05,0.014396042910860217,5.876922846934657e-05,4.0,4.0
0.010821214737239905,1.7089951011347373e-06,0.013086642197005043,4.095470876374708e-06,4.0,4.0
0.010170111750374373,1.3165681658206547e-06,0.012684809346819316,0.0,2.125,2.125
0.007119309766168257,1.3343019604699025e-06,0.011005052016982418,0.0,1.0,1.0
0.0037958367599202777,3.6355249897720583e-06,0.00906074947890801,0.0,1.0,1.0
0.0027177459334007717,1.269847433980048e-06,0.008485978775473229,0.0,1.0,1.0
0.002582442325449385,1.3906990287788823e-06,0.007927420717809804,0.0,1.0,1.0
0.0024809646194858446,9.114154508936701e-06,0.007436504607966275,0.0,1.0,1.0
0.0024809646194858446,7.215004857200274e-06,0.007018163990490144,0.0,1.0,1.0
0.002882537406248412,1.2402316857899523e-05,0.006693754275577818,0.0,1.0,1.0
0.004540690631421741,1.6288703618888662e-05,0.006944965511403768,0.0,1.0,1.0
0.010046761581251649,1.260101979144574e-06,0.009037612705000819,5.185520159059991e-06,1.0,1.0
0.012870623411370139,1.222496414457906e-06,0.009964747278320663,3.821401342442408e-05,1.0,1.0
0.011663614180203258,1.1082821532217829e-06,0.004581050539823827,9.464742200230218e-05,1.0,1.0
0.01027620770630194,0.00013491096142764588,0.01066563751023092,0.00012555810523273486,1.625,1.625
0.005568431256537239,9.281418551933561e-07,0.008467509742347156,0.000149694910777909,2.0,2.0
0.005406130366109266,6.074829781014148e-07,0.003930078115724164,0.00017042141928153918,2.0,2.0
0.005272497003431778,5.601685272412955e-07,0.005460823230122299,0.00018641399947179324,2.0,2.0
0.005425635988793155,6.447339877083213e-06,0.007110454114886413,0.00019293872303529516,2.0,2.0
0.005425635988793155,5.831557208501748e-07,0.007703817692852849,0.00019219126067002525,2.0,2.0
0.005397372601143454,0.00037115553831384534,0.007973427059813994,0.0001893727046676533,3.25,3.25
0.006817007827980339,3.577163712998847e-05,0.01402395826066063,0.00018398474678466605,4.0,4.0
0.009143922980451795,1.0867774750269037e-06,0.013133757161393953,0.000172803955570837,4.0,4.0
0.010231933052542367,1.1094445426597522e-06,0.007521884288669935,0.00013944844752066733,4.0,4.0
0.00982675991509145,3.728452629877238e-05,0.014460143692683891,6.065345651513113e-05,4.0,4.0
0.010821214737239905,1.7171593464488298e-06,0.013226973461385886,4.251192202472606e-06,4.0,4.0
0.009865678632483749,1.2361370909909885e-06,0.012874284481868576,0.0,1.5,1.5
0.006645747138338401,1.2990667315030125e-06,0.01101552521897816,0.0,0.0,0.0
0.0035590554460053496,3.6540355693727274e-06,0.009020514154707376,0.0,0.0,0.0
0.002650094129425078,1.2940246601818113e-06,0.008242069809332914,0.0,0.0,0.0
0.002582442325449385,4.41806068674742e-06,0.007669278912833869,0.0,0.0,0.0
0.0024809646194858446,7.3757818798275535e-06,0.00720694229085716,0.0,0.0,0.0
0.0024809646194858446,9.357202540740602e-06,0.0068375415880301705,0.0,0.0,0.0
0.002882537406248412,1.4514570884472477e-05,0.006546680453415813,0.0,0.0,0.0
0.004540690631421741,1.7695842921432854e-05,0.00670347371217439,0.0,0.0,0.0
0.010046761581251649,1.2235606044152721e-06,0.008853164009156232,8.222086017968995e-06,0.0,0.0
0.012859421332350615,1.197560140904977e-06,0.009865780896078754,4.9752963688278293e-05,0.0,0.0
0.011558889081812084,1.0915793123665584e-06,0.004554398050956265,8.953976250629114e-05,0.0,0.0
0.010147282560934622,0.00013572588421709026,0.01056632345568451,0.0001061552280009368,1.875,1.875
0.005354983950325041,1.022087789097128e-06,0.008251903015296456,9.913219619392164e-05,3.0,3.0
0.005193743122800101,7.143611428012675e-07,0.003632105181140363,3.69682428156409e-05,3.0,3.0
0.005141285749881146,5.308950257842903e-07,0.005104153926379366,0.0001531363520846725,3.0,3.0
0.005306862487070013,6.7354879226776265e-06,0.0068422866008896735,0.0001904471818177288,3.0,3.0
0.005309306801123722,4.45257295615793e-07,0.007499877607371472,0.0001919576786808784,3.0,3.0
0.005291229154359899,0.0003793279695096364,0.007805107603682819,0.0001893571325350435,3.0,3.0
0.006756081181945909,1.8032299183818032e-05,0.013874925398453133,0.00018398474678466605,3.0,3.0
0.009080304013558292,1.0643266644892584e-06,0.013065556199261927,0.00017289738836649574,3.0,3.0
0.010165084982913191,1.0301087921619305e-06,0.007518930262351882,0.00014033605907942535,3.0,3.0
0.009825147434654588,1.2002777088547554e-05,0.014466526814393999,6.274012228484295e-05,3.0,3.0
0.010821214737239905,1.663474209768351e-06,0.013206170593915698,4.422485661180293e-06,3.0,3.0
0.009865678632483749,1.440266674842442e-06,0.012882469499875853,0.0,2.375,2.375
0.006645747138338401,1.4261681211662644e-06,0.011010651153132154,0.0,2.0,2.0
0.0035590554460053496,3.8004109840555667e-06,0.008988796658227603,0.0,2.0,2.0
0.002650094129425078,1.3725838852290833e-06,0.008204601940340917,0.0,2.0,2.0
0.002582442325449385,6.404343682198509e-06,0.007647112369481027,0.0,2.0,2.0
0.0024809646194858446,6.444458045921947e-06,0.007151720278262339,0.0,2.0,2.0
0.0024809646194858446,1.0558005336543974e-05,0.00679165148534381,0.0,0.75,0.75
0.002882537406248412,1.2255137798966484e-05,0.006542877014722719,0.0,0.0,0.0
0.004540690631421741,1.1855760462599397e-05,0.006632125987028737,0.0,0.0,0.0
0.01004340095754579,1.3109075765795448e-06,0.008818880732291005,5.5592513416949455e-06,0.0,0.0
0.01280027288136581,1.18637927799909e-06,0.009909607157645403,4.737042739898046e-05,0.0,0.0
0.011318479652113363,1.037522011625845e-06,0.004632748466226485,0.00013536854877690242,0.0,0.0
0.009966459250889048,0.00011064713239441185,0.011059110178551344,0.00015581475889355636,0.625,0.625
0.005334048339860067,9.44933432673669e-07,0.00865043419273762,9.073881671724494e-05,1.0,1.0
0.005217575256759212,7.333168317657373e-07,0.0038683785105498867,9.556617782627977e-05,1.0,1.0
0.005087132421145891,6.758663562264283e-07,0.0052706281732379685,8.419852102113324e-05,1.0,1.0
0.005202046666464467,4.627495283438355e-06,0.006625743862882058,6.524723563501911e-06,1.0,1.0
0.005188400273391236,7.222917936778072e-07,0.007053413155263686,0.0,1.0,1.0
0.005154761950951987,0.0003877609295512035,0.007351855061814746,2.43392432691014e-05,1.625,1.625
0.006577327798524709,3.1060009301636146e-05,0.013702982201684746,0.00012328457387170556,2.0,2.0
0.008935090584833409,1.0713075765620345e-06,0.013041214502757064,0.0001118234842709003,2.0,2.0
0.010140160925564608,1.0765034730643146e-06,0.007348237804545329,2.237715456026789e-05,2.0,2.0
0.009809169087895067,3.17497139388035e-05,0.014373050031902916,5.493848384733829e-05,2.0,2.0
0.010818974321436001,1.5388117040739306e-06,0.013102782351095368,4.57820698727819e-06,2.0,2.0
0.009865678632483749,1.4201264743928974e-06,0.012756060143565225,0.0,2.0,2.0
0.006645747138338401,1.3994994507837348e-06,0.010913790547188431,0.0,2.0,2.0
0.0035590554460053496,3.734861675701575e-06,0.00893989884547574,0.0,2.0,2.0
0.002650094129425078,1.3476294893887317e-06,0.008191150120545245,0.0,2.0,2.0
0.002582442325449385,6.4302798949810355e-06,0.0076689585759704346,0.0,2.0,2.0
0.0024809646194858446,6.1362713073337244e-06,0.007206721000731629,0.0,2.0,2.0
0.0024809646194858446,1.0109586885995152e-05,0.0068599366812590636,0.0,0.75,0.75
0.002882537406248412,1.4210938796645295e-05,0.006556413348054057,0.0,0.0,0.0
0.004540690631421741,1.6302073551963444e-05,0.006630267774743067,0.0,0.0,0.0
0.01004340095754579,1.2127642399414227e-06,0.00885246390987368,6.727161287429178e-06,0.0,0.0
0.012809464186203193,1.1870451560692595e-06,0.009850623858890399,2.690864514971671e-05,0.0,0.0
0.01139714057148657,1.1160668910176681e-06,0.004469531584969835,1.765879837950159e-05,0.0,0.0
0.010044711685591219,0.0001085840576925885,0.010445599733318774,9.338607926090921e-05,0.0,0.0
0.005322846260840545,9.308835740904473e-07,0.008556639302718114,0.00016817903218572944,0.0,0.0
0.005162581199795245,5.969093982923596e-07,0.00418221072023588,0.00017847221184080048,0.0,0.0
0.005075930342126369,5.957715142109362e-07,0.005580064675065384,0.00010511189511608091,0.0,0.0
0.005222006510449803,5.280965416111839e-06,0.006902522755701131,3.4289836006757056e-05,0.0,0.0
0.005188400273391236,6.473884230090496e-07,0.007579163256701166,0.00010613965586832702,0.0,0.0
0.005141567767319181,0.00028988563410492767,0.007748180068657406,8.844971322360585e-06,1.875,1.875
0.006542789519755893,3.746598970866312e-06,0.013744747052305792,0.0,3.0,3.0
0.008915375515137144,1.1273490112348755e-06,0.012921270677605977,2.9151032245526435e-05,3.0,3.0
0.01013136167258467,1.1348196135802388e-06,0.007471216176540374,0.00013085263032006338,3.0,3.0
0.009807420944626074,2.6521491541564967e-06,0.014464919111237628,6.671101610033934e-05,3.0,3.0
0.010818974321436001,1.5831383596373883e-06,0.013190132228225288,4.7495004459858776e-06,3.0,3.0
0.009865678632483749,1.3735724124500993e-06,0.012840248556836518,0.0,2.375,2.375
0.006645747138338401,1.374380848081478e-06,0.010988285704245536,0.0,2.0,2.0
0.0035590554460053496,3.6221103736462064e-06,0.009022571600815169,0.0,2.0,2.0
0.002650094129425078,1.31413930630249e-06,0.008279778796664706,0.0,2.0,2.0
0.002582442325449385,4.8078050577363715e-06,0.007768331181939285,0.0,2.0,2.0
0.0024809646194858446,6.188121676494536e-06,0.007299586297989557,0.0,2.0,2.0
0.0024809646194858446,8.2434789564075e-06,0.0069124063037201856,0.0,1.375,1.375
0.002882537406248412,1.336224959536192e-05,0.006629437450260425,0.0,1.0,1.0
0.004540690631421741,1.6571825826004014e-05,0.006889586291766725,0.0,1.0,1.0
0.01004340095754579,1.219662627769578e-06,0.009073852379954181,2.849700267591527e-06,1.0,1.0
0.012817752693107727,1.1991712450667812e-06,0.010048745379808155,1.639745563810862e-05,1.0,1.0
0.011453674523623395,1.1404543639259996e-06,0.004611827273972627,2.094451836016723e-05,1.0,1.0
0.010115067049439036,7.493729101342739e-05,0.01037006401087739,9.421140228922805e-06,1.0,1.0
0.005347086879470692,1.0508886557972556e-06,0.008022076748372459,3.101968815870121e-05,1.0,1.0
0.005270745753335351,8.829645566805302e-07,0.003345756533824023,1.2348701159563283e-05,1.0,1.0
0.0051245016210943895,7.286507122370299e-07,0.00452579007317447,3.905490858535272e-05,1.0,1.0
0.005303897769092472,7.024596010243379e-06,0.005802127750439425,3.2545757154460605e-06,1.0,1.0
0.005282509949187073,6.325760077507705e-07,0.0062427024531551845,1.1632383059512952e-05,1.0,1.0
0.005160136885741535,0.00040955849387191117,0.006869751970271795,5.867579567368782e-05,3.5,3.5
0.006572030685746254,1.082306133979227e-06,0.013173742899263645,6.535624056328764e-05,5.0,5.0
0.008931500319505788,1.0756011892558144e-06,0.012592040881351522,7.061962138539657e-05,5.0,5.0
0.010117472126170373,1.1250254599638248e-06,0.00714301114409272,7.899742872946347e-05,5.0,5.0
0.009798028182446142,3.277435940728413e-06,0.014124608928348211,6.386131583274782e-05,5.0,5.0
0.010818974321436001,1.8199283008579822e-06,0.012880648331242079,4.905221772083775e-06,5.0,5.0
0.009865678632483749,1.1374159273459634e-06,0.012516962526315772,0.0,2.5,2.5
0.006645747138338401,1.2861842345879053e-06,0.010699222650905702,0.0,1.0,1.0
0.0035590554460053496,3.8397996879576405e-06,0.008701314194289368,0.0,1.0,1.0
0.002650094129425078,1.3119621890033732e-06,0.007931952286793477,0.0,1.0,1.0
0.0027177459334007717,6.019034464442169e-06,0.007521057626103948,0.0,1.0,1.0
0.0024809646194858446,6.090556299045674e-06,0.007070316961699836,0.0,1.0,1.0
0.0024809646194858446,1.0897257382986005e-05,0.006718269724600534,0.0,0.375,0.375
0.002882537406248412,1.5258457347155798e-05,0.006459692013125835,0.0,0.0,0.0
0.004371561121482508,1.6025172697764265e-05,0.006389715853791332,0.0,0.0,0.0
0.008425840183298587,1.2037286064723147e-06,0.0073168674656357005,4.9519381699131445e-06,0.0,0.0
0.011100000653276015,1.1960405281229154e-06,0.008568536602099181,3.6158491919931826e-05,0.0,0.0
0.014277927952427497,1.0786527116706479e-06,0.005937978369088295,8.835628042794712e-05,0.0,0.0
0.010702203932888751,3.241479226480263e-05,0.01116936599349091,0.00011612139287120227,1.25,1.25
0.005441841329200644,8.759183500435013e-07,0.008506016282699442,0.00013795352279012753,2.0,2.0
0.005273948663381169,5.009595516634057e-07,0.003900967362530296,0.00015653107699360668,2.0,2.0
0.005144628860503458,4.198710082203855e-07,0.005538480979364706,0.00017214992600122583,2.0,2.0
0.005218506859528061,2.024157295995707e-06,0.00722585350994513,0.00018463877635427721,2.0,2.0
0.005206896295837502,4.2371098747356644e-07,0.00798104340615547,0.0001913503655090966,2.0,2.0
0.005202873526817948,0.0005890962747236367,0.00836205004515249,0.00018917026694372606,3.25,3.25
0.006657784709424337,5.2313682550907055e-06,0.014120557852923665,0.00017289738836649574,4.0,4.0
0.00872214397040477,1.0697835881271253e-06,0.013207116792531184,0.00012884382521340047,4.0,4.0
0.010623562764321927,1.1050206390385659e-06,0.00794714557567613,0.0001393550147250086,4.0,4.0
0.010060672348044959,1.4903496498120469e-05,0.015003313904241996,6.991887541795604e-05,4.0,4.0
0.010821214737239905,1.7163507510344424e-06,0.01368325894826596,5.014226700352304e-06,4.0,4.0
0.010170111750374373,1.5134811773580374e-06,0.013251881743345701,0.0,2.75,2.75
0.007119309766168257,1.436321245875638e-06,0.011489773128924324,0.0,2.0,2.0
0.0037958367599202777,3.3051287774308044e-06,0.009452501340481655,0.0,2.0,2.0
0.0027177459334007717,1.3757019680916917e-06,0.00877086104698954,0.0,2.0,2.0
0.0027177459334007717,1.5852899405888224e-06,0.008180426623972137,0.0,2.0,2.0
0.0024809646194858446,7.237927860643503e-06,0.007640765035759558,0.0,2.0,2.0
0.0024809646194858446,5.26074700886814e-06,0.007193703001804254,0.0,0.75,0.75
0.002882537406248412,9.743824142274093e-06,0.006874224251252645,0.0,0.0,0.0
0.004371561121482508,1.37996143628314e-05,0.00686531493754936,0.0,0.0,0.0
0.00842247955959273,1.2205706986552454e-06,0.00783380270763162,8.315518813627734e-06,0.0,0.0
0.011066620520937664,1.19782219003416e-06,0.009080568841929159,4.7557292990297936e-05,0.0,0.0
0.014142081502685469,1.0816021389049783e-06,0.006453253911646663,5.995271054769059e-05,0.0,0.0
0.010475970927714785,6.028796570518251e-05,0.011805321595740697,2.690864514971671e-05,1.875,1.875
0.005350360613623968,9.42494854028267e-07,0.008959232876683406,0.00011697786016474069,3.0,3.0
0.005263198793802072,5.639177713482338e-07,0.004153107469437059,0.00015234217332157324,3.0,3.0
0.005144628860503458,4.557572605887707e-07,0.005749455119921945,0.00016863062403141334,3.0,3.0
0.005229101085084973,6.413647572888972e-07,0.007360005797134076,0.00018129076784317242,3.0,3.0
0.005202007667730082,4.388794733661661e-07,0.008060057295098374,0.00018733275529577085,3.0,3.0
0.005168369345290833,0.0005228484433589242,0.008425062757329,0.0001791573856756312,3.0,3.0
0.006603320683911889,1.3277549322266292e-05,0.014280635145691126,0.00018323728441939612,3.0,3.0
0.008619975114699814,1.0506479655895e-06,0.013592228573025856,0.0001735981343339363,3.0,3.0
0.01061818782953238,1.0568281572516217e-06,0.008214067777870463,0.00014382421678401825,3.0,3.0
0.010060672348044959,1.2669784598412585e-05,0.015296625443883242,7.144494441371543e-05,3.0,3.0
0.010821214737239905,1.636094352663776e-06,0.013964695767009429,5.138803761230622e-06,3.0,3.0
0.010170111750374373,1.4910471031601168e-06,0.013496317098958975,0.0,2.375,2.375
0.007119309766168257,1.4368915374171341e-06,0.011736844219451238,0.0,2.0,2.0
0.0037958367599202777,3.201916357907236e-06,0.009684146713753509,0.0,2.0,2.0
0.0027177459334007717,1.3740164209605431e-06,0.008997235661105179,0.0,2.0,2.0
0.002582442325449385,1.5877520678049815e-06,0.008387358234396413,0.0,2.0,2.0
0.0024809646194858446,6.821479797217922e-06,0.007862105387418189,0.0,2.0,2.0
0.0024809646194858446,5.34222637536649e-06,0.007370136320411943,0.0,2.0,2.0
0.002882537406248412,9.571127253353236e-06,0.007025956879500127,0.0,2.0,2.0
0.004540690631421741,1.3543333132154368e-05,0.007250743986502349,0.0,2.0,2.0
0.01003667971013408,1.2656252773263534e-06,0.009349704775997126,5.605967739524315e-06,2.0,2.0
0.012775405739704199,1.1969301945413286e-06,0.010254944673271442,4.003595293976948e-05,2.0,2.0
0.011658239245413711,1.002646521796101e-06,0.004952739441956603,9.516130237842524e-05,2.0,2.0
0.010270302740060874,0.00012621917034683953,0.011166991397059197,0.00012448362808265936,0.75,0.75
0.005581061311476826,8.929483311064743e-07,0.009017322018326425,0.00014757710074297757,0.0,0.0
0.005429354646605767,6.328007493692928e-07,0.004331191035659476,0.00016735370915741058,0.0,0.0
0.005272497003431778,5.785165117111198e-07,0.005989665869150701,0.00018337743361288426,0.0,0.0
0.005425635988793155,1.6657128671549833e-06,0.007695174869305455,0.00019242484265917208,0.0,0.0
0.005425635988793155,5.892405649597532e-07,0.008378213808958954,0.00019175524095695114,0.0,0.0
0.0054157082535325335,0.0004944630399252044,0.008667133068042098,0.00018915469481111625,1.875,1.875
0.006827193568866215,7.678452079129084e-06,0.014765633110452057,0.00018406260744771499,3.0,3.0
0.009147513245779415,1.0827867258720059e-06,0.013947672406622858,0.00017364485073176564,3.0,3.0
0.010231933052542367,1.1005617040165117e-06,0.008285899671292021,0.00014438481355797067,3.0,3.0
0.009818426187242872,4.288726924958361e-06,0.015291137565664291,7.295544127686505e-05,3.0,3.0
0.010821214737239905,1.7085703638817967e-06,0.013944995709545759,5.26338082210894e-06,3.0,3.0
0.009865678632483749,1.5136976320765198e-06,0.013669699204429635,0.0,3.0,3.0
0.006645747138338401,1.4611612434505891e-06,0.011753856646752192,0.0,3.0,3.0
0.0035590554460053496,3.3357449733087355e-06,0.009688111933464782,0.0,3.0,3.0
0.002650094129425078,1.3719938814991162e-06,0.008842964636473329,0.0,3.0,3.0
0.002582442325449385,1.570079993045822e-06,0.00827667690793412,0.0,3.0,3.0
0.0024809646194858446,8.160731049288188e-06,0.007758503937537138,0.0,3.0,3.0
0.0024809646194858446,5.319598084456464e-06,0.007342827699770617,0.0,2.375,2.375
0.002882537406248412,9.178385535835057e-06,0.007000032524381444,0.0,2.0,2.0
0.004540690631421741,1.2772916883497499e-05,0.007314943330126671,0.0,2.0,2.0
0.0100283459822855,1.2375572384451845e-06,0.009530361549651471,6.773877685258547e-06,2.0,2.0
0.012742477816806272,1.1966395372841872e-06,0.010488787378942224,2.709551074103419e-05,2.0,2.0
0.011404881998318739,1.1232354717637873e-06,0.0050356077052469824,1.702034094250021e-05,2.0,2.0
0.009955179349858432,0.00010113473657613195,0.01130378561449676,7.661489244016563e-05,2.625,2.625
0.005262598815867513,9.79328464193265e-07,0.009088936853974688,7.518225624006497e-05,3.0,3.0
0.005221048809149842,7.65825311740448e-07,0.0038885356709543488,5.85512186128095e-06,3.0,3.0
0.005089769718818336,7.301664982799046e-07,0.005032283770798416,0.0,3.0,3.0
0.005240554431833732,1.178072375555006e-06,0.006400315517285376,0.0,3.0,3.0
0.005228123745685715,5.055437015288824e-07,0.006985329695860642,2.620789918227617e-05,3.0,3.0
0.005136192832529633,0.0003712010527093191,0.00786727595543448,0.00010483159672910467,2.375,2.375
0.006566500106934522,5.2084931270096404e-06,0.013994592437491585,3.7653416650471645e-05,2.0,2.0
0.008895639519037114,1.0547946533581999e-06,0.0135678021209615,0.00011566980102551836,2.0,2.0
0.010137218085132132,1.0366781634193142e-06,0.007699070618700074,9.639150085459864e-06,2.0,2.0
0.00984383435928499,2.5049321902119844e-06,0.014572377087764403,0.0,2.0,2.0
0.010818974321436001,1.5619277525007395e-06,0.013451541691345412,0.0,2.0,2.0
0.009865678632483749,1.3473512723266784e-06,0.013125512711711421,0.0,1.375,1.375
0.006645747138338401,1.3235559832726186e-06,0.011303065466092756,0.0,1.0,1.0
0.0035590554460053496,3.3084454728798806e-06,0.009348803407110291,0.0,1.0,1.0
0.002650094129425078,1.271092100396892e-06,0.008603299793179644,0.0,1.0,1.0
0.002582442325449385,1.3827550528575825e-06,0.008114162074447059,0.0,1.0,1.0
0.0024809646194858446,9.604895517841702e-06,0.007715741661726913,0.0,1.0,1.0
0.0024809646194858446,5.144029074485472e-06,0.007305188330627649,0.0,1.625,1.625
0.002882537406248412,8.682275663513611e-06,0.006990140162334202,0.0,2.0,2.0
0.004540690631421741,1.178854054293506e-05,0.007339729717415465,0.0,2.0,2.0
0.010029958462722364,1.2304158139166453e-06,0.009599302161710148,7.708205641845932e-06,2.0,2.0
0.012756141258500357,1.1673286546490767e-06,0.01050601902037734,4.3726548368289655e-05,2.0,2.0
0.011489762325092757,1.016365559515945e-06,0.0051297437021067295,7.362504297908599e-05,2.0,2.0
0.010151641157590525,2.44725001618293e-05,0.011205768806158364,0.0001020753292571719,0.75,0.75
0.005370875288660412,9.291856732938307e-07,0.00904987193696921,8.591145560821012e-05,0.0,0.0
0.005232858741631973,7.312695592411917e-07,0.004172262802706247,3.1471280004385107e-05,0.0,0.0
0.005139952969685973,6.484946117446797e-07,0.005742806321250806,0.00013066576472874587,0.0,0.0
0.0053227538254053824,9.624799713830865e-07,0.007421559787165669,0.00016632594840516445,0.0,0.0
0.0053141954292311435,6.185156780006716e-07,0.008168316258505694,0.00017700843137548021,0.0,0.0
0.005291229154359899,0.0003541767764211949,0.008498595287425989,0.00018367330413247027,3.125,3.125
0.006703531439035653,2.617434505244962e-06,0.01461892359242059,0.00018368887626508005,5.0,5.0
0.009030120762690656,1.036358298495423e-06,0.01384370086595558,0.00017373828352742438,5.0,5.0
0.01014579123339186,1.0536618264300695e-06,0.008256668360953307,0.00014550600710587554,5.0,5.0
0.009810363785058552,2.4951645006650973e-06,0.015311354144367687,7.597643500316426e-05,5.0,5.0
0.010818974321436001,1.9570829280288323e-06,0.013967718254159767,5.512534943865577e-06,5.0,5.0
0.009865678632483749,1.4834563435701957e-06,0.013496990865744254,0.0,3.125,3.125
0.006645747138338401,1.4611884786827067e-06,0.01154835985995407,0.0,2.0,2.0
0.0035590554460053496,3.4247258080866727e-06,0.009501381899662298,0.0,2.0,2.0
0.002650094129425078,1.3499278075060814e-06,0.008691288266506928,0.0,2.0,2.0
0.002582442325449385,1.5102138892118794e-06,0.008141747756716257,0.0,2.0,2.0
0.0024809646194858446,6.953978419085007e-06,0.0076377319839129225,0.0,2.0,2.0
0.0024809646194858446,6.678983113663015e-06,0.007198978743233806,0.0,2.0,2.0
0.002882537406248412,1.0908359099629867e-05,0.006898095247277955,0.0,2.0,2.0
0.004540690631421741,1.4447971477609968e-05,0.007173285059642289,0.0,2.0,2.0
0.010023237215310652,1.2431791139573814e-06,0.009341979890781792,8.408951609286472e-06,2.0,2.0
0.01274785275159582,1.1810039189065557e-06,0.010302538577914725,3.363580643714589e-05,2.0,2.0
0.011394209950750734,1.0407128185067973e-06,0.004889461850616352,2.088222982972807e-05,2.0,2.0
0.010060116717244457,5.2400251655520065e-05,0.011020657955206663,7.231698383986365e-05,0.75,0.75
0.005322238407377936,9.264597656276367e-07,0.008870616499111488,3.0459091384748775e-05,0.0,0.0
0.005249357933429952,6.944011915837095e-07,0.004100074711458393,9.773070425904056e-05,0.0,0.0
0.005104541777109056,6.254786022810106e-07,0.005669251807730445,3.7108392009129006e-05,0.0,0.0
0.005268863556113841,8.417631572006283e-07,0.007395568427668851,0.00015187500934327956,0.0,0.0
0.005309306801123722,5.482806860051162e-07,0.008254380211697488,0.00018927927187199455,0.0,0.0
0.005285932041581442,0.00040731413766065743,0.00860893525012802,0.00018896782921979876,1.25,1.25
0.006703531439035653,1.371266492563786e-06,0.014713631071650454,0.0001840470353151052,2.0,2.0
0.009030120762690656,1.0700281199261227e-06,0.013887333085988527,0.00017378499992525375,2.0,2.0
0.010154109008613882,1.05061440642421e-06,0.008249744043524035,0.00014606660387982799,2.0,2.0
0.009810228122226424,2.580102637640196e-06,0.015279219746570035,7.748693186631386e-05,2.0,2.0
0.010818974321436001,1.5726928820034292e-06,0.013926772774872219,5.6371120047438945e-06,2.0,2.0
0.009865678632483749,1.5388904473947912e-06,0.01359489538025454,0.0,3.25,3.25
0.006645747138338401,1.4737601187871938e-06,0.011680064299293079,0.0,4.0,4.0
0.0035590554460053496,3.3157506220347935e-06,0.009619103023764734,0.0,4.0,4.0
0.002650094129425078,1.3823332861480297e-06,0.008799925196089114,0.0,4.0,4.0
0.002582442325449385,1.5799371596361725e-06,0.008228664844604237,0.0,4.0,4.0
0.0024809646194858446,7.9510507540182e-06,0.00773435859363211,0.0,4.0,4.0
0.0024809646194858446,4.667311289154449e-06,0.007317460980265105,0.0,1.5,1.5
0.002882537406248412,8.74494697815688e-06,0.006998778182076838,0.0,0.0,0.0
0.004540690631421741,1.2221621991290946e-05,0.0073066355128151095,0.0,0.0,0.0
0.010029958462722364,1.2069775729783404e-06,0.009500522513960878,7.474623652699086e-06,0.0,0.0
0.012745165284201047,1.1815125126876217e-06,0.01046450445082782,2.9898494610796345e-05,0.0,0.0
0.01139714057148657,1.1076630645472278e-06,0.005050039421207394,1.842183287738129e-05,0.0,0.0
0.010057672403190748,5.497948251010614e-05,0.011071856374522134,6.37211666392597e-05,0.625,0.625
0.005338737599175916,1.016326972526982e-06,0.008798941420130216,2.679964022144818e-05,1.0,1.0
0.005254655046208409,7.248648302591504e-07,0.004021759889047052,0.00011730487494954627,1.0,1.0
0.005134578034896425,5.84971693648589e-07,0.00564598872934726,0.00016627923200733508,1.0,1.0
0.005285362747911819,1.3320225344333271e-06,0.007365438208224137,0.0001810104694561962,1.0,1.0
0.005274160668892297,5.399696210171174e-07,0.00815360813507809,0.00018185136461712484,1.0,1.0
0.005199252504573406,0.0004232484231259651,0.008467799328102913,0.00012400089197175587,2.25,2.25
0.006561125172144973,3.6678450511607977e-06,0.014532271017097921,4.017610213325759e-05,3.0,3.0
0.008935090584833409,1.0850419463603658e-06,0.013788225266604741,0.0001233312902695349,3.0,3.0
0.010131617045622371,1.071222690378925e-06,0.008051630608021042,2.751595832149851e-05,3.0,3.0
0.009799222879609625,1.1947470910837675e-06,0.015244208204542033,6.895340319614906e-05,3.0,3.0
0.010818974321436001,1.4449717865311687e-06,0.013925746897607725,5.746116933012423e-06,3.0,3.0
0.009865678632483749,1.3979355933925551e-06,0.01357275006593463,0.0,1.75,1.75
0.006645747138338401,1.3476115454108115e-06,0.011760504054309472,0.0,1.0,1.0
0.0035590554460053496,2.934354543927938e-06,0.00979351035601177,0.0,1.0,1.0
0.002650094129425078,1.2988128578152537e-06,0.008997591356062547,0.0,1.0,1.0
0.0027177459334007717,1.4583466456054365e-06,0.008473607247871953,0.0,1.0,1.0
0.0024809646194858446,1.5272946571260514e-06,0.008010552735977108,0.0,1.0,1.0
0.0024809646194858446,9.506834135924747e-06,0.007637074297121851,0.0,0.375,0.375
0.002882537406248412,5.880496626967312e-06,0.007287940344376547,0.0,0.0,0.0
0.004371561121482508,8.834503935677227e-06,0.007341671627853054,0.0,0.0,0.0
0.008404063960626582,1.208114467855006e-06,0.008416523585904029,7.568056448357825e-06,0.0,0.0
0.010945862256293492,1.1686081906273914e-06,0.009739445126719674,4.269878761604353e-05,0.0,0.0
0.013983054497216332,1.0505971102883997e-06,0.007010179252892385,5.222893277323486e-05,0.0,0.0
0.010456341746389396,6.307105158035339e-06,0.012365966472566197,2.3109044792928005e-05,1.875,1.875
0.0051676230209762,9.72468606285536e-07,0.00971310111421435,7.586743007489572e-05,3.0,3.0
0.005146947428143731,6.21540721322087e-07,0.004243837998302883,6.322285839574644e-06,3.0,3.0
0.005009789682313821,5.668998379397335e-07,0.00552899834949046,0.0,3.0,3.0
0.005135699612493801,5.986867240076116e-07,0.00685361457691636,0.0,3.0,3.0
0.005135699612493801,8.828245764452105e-07,0.007289009087109375,0.0,3.0,3.0
0.00510499191079039,0.0003598945696309872,0.007384990569317043,0.0,4.25,4.25
0.0065186769762865275,3.052036916769644e-06,0.013051418620894076,0.0,5.0,5.0
0.008550960286612997,1.3277061982454793e-06,0.0121608883394163,2.96649126216495e-05,5.0,5.0
0.010492152377833209,1.4085073227201409e-06,0.007222008072058872,0.00013613158327478213,5.0,5.0
0.010021353156056232,3.1700146564715515e-05,0.014490523454912071,7.977603535995295e-05,5.0,5.0
0.010811178087066378,1.246909099765073e-06,0.013093423739215314,5.823977596061371e-06,5.0,5.0
0.010170111750374373,1.0664042745777418e-06,0.012646296246357283,0.0,3.75,3.75
0.007119309766168257,1.2201376158947215e-06,0.011006199378510885,0.0,3.0,3.0
0.0037958367599202777,3.7116134606123374e-06,0.009047832691275019,0.0,3.0,3.0
0.0027177459334007717,1.263153083544409e-06,0.00844311278451354,0.0,3.0,3.0
0.0027177459334007717,5.221195730141204e-06,0.007948717719501723,0.0,3.0,3.0
0.0024809646194858446,3.8119375181861273e-06,0.007489630865109024,0.0,3.0,3.0
0.0024809646194858446,7.645705768281505e-06,0.007105764832986659,0.0,2.375,2.375
0.002882537406248412,1.194736643037479e-05,0.006795944305592316,0.0,2.0,2.0
0.004371561121482508,1.530050670339087e-05,0.006883723644647093,0.0,2.0,2.0
0.00842247955959273,1.1999742305618478e-06,0.007903168487336241,1.448208332710448e-06,2.0,2.0
0.011047129935013606,1.1835022355030437e-06,0.009055034511351107,5.792833330841792e-06,2.0,2.0
0.014245260231491487,1.1240792646110152e-06,0.0062127567593293475,3.519301969812486e-06,2.0,2.0
0.01057296749947707,5.868436069911898e-06,0.011309316723823251,1.5743426068497447e-05,2.0,2.0
0.005355502082380242,1.0626211000800568e-06,0.008280423319561506,1.5400839151082075e-05,2.0,2.0
0.005273715197347894,9.730778502016071e-07,0.0032819839223420383,5.6838284025732634e-06,2.0,2.0
0.005166308683077108,8.940103694258534e-07,0.004337210684825142,2.2750885742902842e-05,2.0,2.0
0.005288687204738117,3.1412370807122746e-06,0.005686454216858905,2.5834167999641214e-05,2.0,2.0
0.0051965986356988314,7.630700552580627e-07,0.006148613508462517,2.7297948464961453e-05,2.0,2.0
0.005154688854975898,0.00021967012133855616,0.006309524106295081,2.8512574808525055e-05,2.0,2.0
0.006554727527398804,1.0442580888107417e-05,0.011870993969575696,2.96649126216495e-05,2.0,2.0
0.00860206564086924,1.080623789416221e-06,0.011300140021923857,2.5195710562639837e-05,2.0,2.0
0.010632077375946677,1.0521994948918153e-06,0.006226283587878248,1.9465165762237204e-06,2.0,2.0
0.010122776055187242,1.6514678051682386e-05,0.013105518710917353,0.0,2.0,2.0
0.010821214737239905,1.5313679625214984e-06,0.01218825079698332,0.0,2.0,2.0
0.010170111750374373,1.2729664069088454e-06,0.011934438559212548,0.0,1.375,1.375
0.007119309766168257,1.298947794733512e-06,0.010325353260374455,0.0,1.0,1.0
0.0037958367599202777,3.879167658882162e-06,0.008383974562693401,0.0,1.0,1.0
0.0027177459334007717,1.2785525535208375e-06,0.007837132080492389,0.0,1.0,1.0
0.0027177459334007717,8.311266655334123e-06,0.007355911221188769,0.0,1.0,1.0
0.0024809646194858446,8.315263670025288e-06,0.006868339093243389,0.0,1.0,1.0
0.0024809646194858446,1.4553352150791369e-05,0.006496439724041233,0.0,1.625,1.625
0.002882537406248412,1.8997148958276714e-05,0.006212391291713104,0.0,2.0,2.0
0.004371561121482508,2.148584904622132e-05,0.006127828988483942,0.0,2.0,2.0
0.008412397688475159,1.2210222092419181e-06,0.0070772866209686145,5.138803761230622e-06,2.0,2.0
0.011007696553725067,1.166252972209179e-06,0.008387246908896898,3.6812521489542995e-05,2.0,2.0
0.014255523794388453,9.816602586242863e-07,0.005757291797244687,8.757767379745763e-05,2.0,2.0
0.010682244088903418,2.4271444068642235e-05,0.010973292451252985,0.00011342741392970863,1.375,1.375
0.005449504934021721,8.568552871617872e-07,0.00827722542202318,0.00013359332565938636,1.0,1.0
0.005252448924222976,5.782862103057976e-07,0.0036589013859416987,0.00015094068138669217,1.0,1.0
0.005138315409591356,5.556195224338387e-07,0.00512586687830858,0.00016559405817250433,1.0,1.0
0.005232973375058751,4.128000170497711e-06,0.006730392760861096,0.00017774032160814036,1.0,1.0
0.005244175454078272,5.825083717874405e-07,0.007332393861944207,0.00016973624544670842,1.0,1.0
0.005273870841370078,0.0004874811808059241,0.007295390124584284,0.00012135362942809163,1.0,1.0
0.006635302729374202,2.6349080787878616e-06,0.013024427816279868,0.00017848778397341027,1.0,1.0
0.008684519426877934,1.0507619213493333e-06,0.012520649820175532,0.00017420544750571806,1.0,1.0
0.010604524387838295,9.86020772007762e-07,0.007444731646025824,0.00014809098111910065,1.0,1.0
0.010055699243902238,9.973336404240835e-06,0.014477695988299535,8.18627011296648e-05,1.0,1.0
0.010818974321436001,1.434789530179592e-06,0.013197569724707984,5.995271054769059e-06,1.0,1.0
0.010170111750374373,1.439207384289044e-06,0.012778140211642629,0.0,1.625,1.625
0.007119309766168257,1.4108379401271402e-06,0.011062244882102003,0.0,2.0,2.0
0.0037958367599202777,3.5898957546296146e-06,0.00904858592696357,0.0,2.0,2.0
0.0027177459334007717,1.3443132337174312e-06,0.008421808981894778,0.0,2.0,2.0
0.002582442325449385,1.496149661219718e-06,0.007876785863840047,0.0,2.0,2.0
0.0024809646194858446,6.786523764222529e-06,0.007409671315498145,0.0,2.0,2.0
0.0024809646194858446,6.475462745125627e-06,0.007019789133608477,0.0,0.75,0.75
0.002882537406248412,1.0956856139907683e-05,0.0067434613089647506,0.0,0.0,0.0
0.004540690631421741,1.4152872059445216e-05,0.007069514473105983,0.0,0.0,0.0
0.010023237215310652,1.1952380437526513e-06,0.009301542811338846,8.922831985409535e-06,0.0,0.0
0.012756141258500357,1.1634576789308549e-06,0.010297706678233279,5.377057390160405e-05,0.0,0.0
0.011550539801517308,1.0622979850445346e-06,0.0049649635289954345,9.84158780938713e-05,0.0,0.0
0.010191598095918278,2.6099474898505234e-05,0.011038196820802287,0.00012590069215015023,0.0,0.0
0.00546807122921427,9.250904971552376e-07,0.008953028227900877,0.00014827784671041813,0.0,0.0
0.005313025458936335,6.606953544233187e-07,0.004258802534947722,0.00016071998066564014,0.0,0.0
0.0051193338012825275,6.165401138983201e-07,0.0058379702089269925,0.00011967183910623433,0.0,0.0
0.005226287285094613,1.545798485980072e-06,0.007355589770611656,4.012938573542822e-05,0.0,0.0
0.005217529520128803,5.963592296809345e-07,0.00802171396327977,0.00012407875263480483,0.0,0.0
0.005146456395426601,0.0004327065119280636,0.008323199776678152,4.392898609221692e-05,2.5,2.5
0.006650127476426238,5.652392394578277e-06,0.014509232017814578,0.00016757171901394762,4.0,4.0
0.009026530497363036,1.081266190221732e-06,0.0137354448020676,0.00017386286058830268,4.0,4.0
0.010168027823345667,1.0916706028617395e-06,0.008088217625896975,0.00014851142869956496,4.0,4.0
0.009810228122226424,1.231993202657287e-06,0.015135224419366858,8.281260121886196e-05,4.0,4.0
0.010818974321436001,1.679328312577948e-06,0.013801839408804924,6.073131717818007e-06,4.0,4.0
0.009865678632483749,1.5029000689187227e-06,0.013514291680049783,0.0,4.0,4.0
0.006645747138338401,1.4444900932850586e-06,0.011612662117540336,0.0,4.0,4.0
0.0035590554460053496,3.2083786389135435e-06,0.009576249424672749,0.0,4.0,4.0
0.002650094129425078,1.3648338821430435e-06,0.008776972750801422,0.0,4.0,4.0
0.002582442325449385,1.549559969034486e-06,0.008266686770247276,0.0,4.0,4.0
0.0024809646194858446,5.590349140034066e-06,0.007843254546338444,0.0,4.0,4.0
0.0024809646194858446,4.955115772298718e-06,0.007436147689034569,0.0,1.5,1.5
0.002882537406248412,7.286036796190853e-06,0.007099291331364347,0.0,0.0,0.0
0.004540690631421741,1.0280278213920738e-05,0.007428026292957398,0.0,0.0,0.0
0.010023237215310652,1.2013904112038816e-06,0.009679674449585998,9.343279565873857e-06,0.0,0.0
0.012767343337519879,1.1738117519557814e-06,0.010614320533777635,5.4284454277727114e-05,0.0,0.0
0.011541782036551493,1.0822071731605774e-06,0.005167149916846789,8.991349368892609e-05,0.0,0.0
0.010168140349388505,5.8905098844664395e-06,0.011216875167465178,0.00010780587405757453,0.625,0.625
0.00552117862640544,9.698525895121037e-07,0.00898579332861316,0.00013761093587271215,1.0,1.0
0.0053948504650786515,6.972754277767263e-07,0.004149418911287856,0.00015642207206533818,1.0,1.0
0.00523487245990494,6.192628233006559e-07,0.005699319779471818,0.00017135574723812656,1.0,1.0
0.005382636510476769,1.340422002116214e-06,0.00734508141364075,0.00018351758280637235,1.0,1.0
0.005354935239659268,5.901765064620644e-07,0.008066362571091768,0.0001885162373741149,1.0,1.0
0.005269807237212797,0.000472969617616498,0.008542815304283195,0.00018024743495831649,2.875,2.875
0.006628253349838711,1.775812732354858e-05,0.01488174299101404,0.00014978834357356774,4.0,4.0
0.008918965780464765,1.0763070369081295e-06,0.014092005565586917,4.140630060943098e-05,4.0,4.0
0.010145565128671643,1.1150660304301836e-06,0.008402764251324897,0.00013786008999446878,4.0,4.0
0.009811840602663288,1.2368426544752193e-06,0.015538306101742144,8.376250130805914e-05,4.0,4.0
0.010818974321436001,1.6029328549367715e-06,0.014157689338716702,6.150992380866956e-06,4.0,4.0
0.009865678632483749,1.4763657291044659e-06,0.013785523613667944,0.0,3.375,3.375
0.006645747138338401,1.4366476671361457e-06,0.01189445230259765,0.0,3.0,3.0
0.0035590554460053496,3.051023036086125e-06,0.009849890527782162,0.0,3.0,3.0
0.002650094129425078,1.3763068013634678e-06,0.009033714910566103,0.0,3.0,3.0
0.002582442325449385,1.602074735215945e-06,0.008453628768269397,0.0,3.0,3.0
0.0024809646194858446,5.4116341652331544e-06,0.007966266190743058,0.0,3.0,3.0
0.0024809646194858446,4.495535281027418e-06,0.007524317277805478,0.0,1.125,1.125
0.002882537406248412,6.7802888999955676e-06,0.007193943933859896,0.0,0.0,0.0
0.004540690631421741,9.947193318881195e-06,0.0075078458290330765,0.0,0.0,0.0
0.010033319086428221,1.2150758290185006e-06,0.009717168125495536,5.372385750377468e-06,0.0,0.0
0.012775405739704199,1.1967276877845557e-06,0.01058685655736403,3.7653416650471645e-05,0.0,0.0
0.011577832587663772,1.1036781283695873e-06,0.005202796409725638,8.709493768655414e-05,0.0,0.0
0.010265005627282416,1.4866488955646074e-05,0.011296235842712103,0.00011236850891224293,0.625,0.625
0.005537269333532382,9.557335518742073e-07,0.009075223327729995,0.00013208282879623675,1.0,1.0
0.005407966826700367,6.898371976265449e-07,0.004226347203536266,0.00014916545826917612,1.0,1.0
0.005250997264273585,6.21325283806355e-07,0.005781445013912963,0.0001635229645354023,1.0,1.0
0.005382636510476769,9.085771070928182e-07,0.007435167365258653,0.00017518649186013481,1.0,1.0
0.005382636510476769,6.044727214720649e-07,0.008179322988032776,0.00018410932384554438,1.0,1.0
0.005354373122827069,0.0004863284860120404,0.00861736853553271,0.00018825151111974845,3.5,3.5
0.006792985952757343,3.7156880705786383e-06,0.014883182854056898,0.00018412489597815417,5.0,5.0
0.009116143887623203,1.0711451479557418e-06,0.014154520376402926,0.00017453246229052365,5.0,5.0
0.010215129934013082,1.1122895408548747e-06,0.008443856069316717,0.0001493678959931034,5.0,5.0
0.009813453083100152,1.3156157947572643e-06,0.015527972633912627,8.47124013972563e-05,5.0,5.0
0.010818974321436001,1.7342492560108374e-06,0.014187326841419658,6.228853043915905e-06,5.0,5.0
0.009865678632483749,1.4887670585678278e-06,0.013802148030975814,0.0,3.125,3.125
0.006645747138338401,1.4129567900198377e-06,0.01189753440526468,0.0,2.0,2.0
0.0035590554460053496,3.039652149424372e-06,0.009865035534206583,0.0,2.0,2.0
0.002650094129425078,1.3050819126066033e-06,0.009084475997345414,0.0,2.0,2.0
0.002582442325449385,1.43984820684036e-06,0.008559002091458275,0.0,2.0,2.0
0.0024809646194858446,1.4957411409590796e-06,0.008139705618518275,0.0,2.0,2.0
0.0024809646194858446,1.3263503345315933e-05,0.007781190377642907,0.0,0.75,0.75
0.002882537406248412,4.6003698891038415e-06,0.00745577810815507,0.0,0.0,0.0
0.004540690631421741,7.4018997453505815e-06,0.007779224916550018,0.0,0.0,0.0
0.0100283459822855,1.206377551386616e-06,0.010062830777262437,6.727161287429178e-06,0.0,0.0
0.012742477816806272,1.1805923899088903e-06,0.011059129976662823,2.690864514971671e-05,0.0,0.0
0.01139958488554028,1.1159441165565184e-06,0.005444034849550361,1.588357526198556e-05,0.0,0.0
0.01000618272318353,1.1983474817924559e-05,0.011680420773800475,7.068190991583572e-05,0.0,0.0
0.005289240023781979,9.811627908089223e-07,0.00954282765524666,8.728180327787162e-05,0.0,0.0
0.005183969019700645,7.224009881415641e-07,0.004564138511014495,7.843683195551103e-05,0.0,0.0
0.005123375955876903,7.011554332696171e-07,0.005974724090243707,2.762496324976704e-05,0.0,0.0
0.005202046666464469,6.299875862930687e-07,0.007674999019303497,8.614503759735696e-05,0.0,0.0
0.005234028711926781,7.163743851581589e-07,0.008222196054557998,3.086396683260331e-05,0.0,0.0
0.005138637146583344,0.00039172912086744344,0.008692385371080894,9.474085479796092e-05,1.25,1.25
0.006577172154502527,6.039861448039609e-06,0.014839731451237636,3.377595563063399e-05,2.0,2.0
0.008915375515137144,1.090848134532718e-06,0.014157320997462237,0.00010352353758988235,2.0,2.0
0.010131617045622371,1.08195581170598e-06,0.008277990687534154,8.626961465823529e-06,2.0,2.0
0.00983886125514227,1.261647216730725e-06,0.015245508144021121,0.0,2.0,2.0
0.010818974321436001,1.5619617440740383e-06,0.014070458575356711,0.0,2.0,2.0
0.009865678632483749,1.4118226149385676e-06,0.013699028545339345,0.0,0.75,0.75
0.006645747138338401,1.3396278306183364e-06,0.011849793322941355,0.0,0.0,0.0
0.0035590554460053496,2.721485135061025e-06,0.009856475860754098,0.0,0.0,0.0
0.002650094129425078,1.2708098188846001e-06,0.009097890745078356,0.0,0.0,0.0
0.0027177459334007717,1.3747424993840444e-06,0.008647532965350611,0.0,0.0,0.0
0.0024809646194858446,1.3869456721827985e-06,0.008255773626317145,0.0,0.0,0.0
0.0024809646194858446,1.4223067114244362e-06,0.007961763670553927,0.0,0.625,0.625
0.002882537406248412,2.2856243093740805e-05,0.007745632713211677,0.0,1.0,1.0
0.004371561121482508,4.535457079148103e-06,0.007812381362597029,0.0,1.0,1.0
0.008412397688475159,1.1989855792554852e-06,0.008936720632537452,5.325669352548099e-06,1.0,1.0
0.01101038402111984,1.1664436535284412e-06,0.010492439656602556,3.7279685467836694e-05,1.0,1.0
0.014277927952427497,1.0501019421293351e-06,0.00720432962923357,8.605160480169823e-05,1.0,1.0
0.010712389673774629,4.012349724103195e-06,0.012696499598461322,0.00011081129565126395,0.375,0.375
0.005459768496918689,9.719296454100224e-07,0.009830012811879795,0.00013002730729174452,0.0,0.0
0.005284620710949173,7.248059841973492e-07,0.004757986659879078,0.000146658344919,0.0,0.0
0.005154892423400426,6.411118753788937e-07,0.006415613728356871,0.00016075112493085973,0.0,0.0
0.005277781691136838,6.13242438026622e-07,0.008059669816247483,0.00017216549813383562,0.0,0.0
0.005277781691136838,6.683376863699642e-07,0.00870610503934904,0.0001812129071801235,0.0,0.0
0.005247073989433428,0.0004619725244645302,0.008893699330463979,0.00018692787984791632,1.875,1.875
0.006673267563088671,4.005046389665307e-06,0.014688751365841118,0.00018403146318249542,3.0,3.0
0.008706019166036126,1.0555269912446446e-06,0.013962646133659247,0.00017457917868835305,3.0,3.0
0.010620904565244643,1.033889697925609e-06,0.008613739941714722,0.00015002192556271457,3.0,3.0
0.010055699243902238,1.217966575429535e-06,0.01581350233849667,8.659662944304087e-05,3.0,3.0
0.010818974321436001,1.6612921582079201e-06,0.014426282619212015,6.384574370013803e-06,3.0,3.0
0.010170111750374373,1.5297793970078394e-06,0.01397835226987307,0.0,3.0,3.0
0.007119309766168257,1.4624082817422199e-06,0.012207516455847348,0.0,3.0,3.0
0.0037958367599202777,2.726131885910907e-06,0.010131222546117749,0.0,3.0,3.0
0.0027177459334007717,1.341754357693556e-06,0.009430523756122914,0.0,3.0,3.0
0.0027177459334007717,1.4587849502411155e-06,0.008865800670976542,0.0,3.0,3.0
0.0024809646194858446,1.4632868805716971e-06,0.008418973598533457,0.0,3.0,3.0
0.0024809646194858446,1.2680035660444207e-06,0.008094768169830315,0.0,1.75,1.75
0.002882537406248412,1.2704055822612153e-05,0.007841141975343644,0.0,1.0,1.0
0.004371561121482508,4.3405270751128666e-06,0.007902312517540123,0.0,1.0,1.0
0.008404063960626582,1.202810906495046e-06,0.009015873482808086,6.960743276576025e-06,1.0,1.0
0.010962889858594982,1.1682912961793354e-06,0.01067444559348292,3.886804299403525e-05,1.0,1.0
0.014045590612220892,1.049427305089722e-06,0.007367665053985276,4.642052730978329e-05,1.0,1.0
0.01049715937882861,4.580942214570904e-06,0.012872587537444037,3.675023295910384e-06,2.25,2.25
0.005274474670964418,1.0266170195149755e-06,0.009784894718713705,1.8686559131747714e-05,3.0,3.0
0.005065997838738998,7.580619884705442e-07,0.004724655244769207,7.474623652699086e-05,3.0,3.0
0.005038687374680426,6.112506634449978e-07,0.0062110340724591115,2.827899281937821e-05,3.0,3.0
0.005091816912334989,5.34880728197984e-07,0.007957165725493773,8.820055910184923e-05,3.0,3.0
0.005131010353177952,6.5106147721831e-07,0.008334176378253563,7.350046591820768e-06,3.0,3.0
0.005073131412108558,0.0004425916738639809,0.008354437348051021,2.508670563437131e-05,2.375,2.375
0.006441562426498484,4.013392357153019e-06,0.014546076420581321,0.00010034682253748524,2.0,2.0
0.008548723407710644,1.0953945900670136e-06,0.013679723474952176,8.362235211457103e-06,2.0,2.0
0.010548878397228645,1.150818468123239e-06,0.008220201665799613,1.9340588701358886e-05,2.0,2.0
0.010029133437799301,1.0288602941291784e-05,0.015717498982861535,7.736235480543554e-05,2.0,2.0
0.010813418502870284,1.4323773844321435e-06,0.014320561917322889,6.446862900452962e-06,2.0,2.0
0.010170111750374373,1.3776553975705413e-06,0.013839676545947562,0.0,1.375,1.375
0.007119309766168257,1.3497631497730942e-06,0.012071159755661968,0.0,1.0,1.0
0.0037958367599202777,2.941356648793907e-06,0.010006802141256717,0.0,1.0,1.0
0.0027177459334007717,1.3106819819855605e-06,0.009320505722090654,0.0,1.0,1.0
0.002582442325449385,1.4622394028286286e-06,0.00868989958348513,0.0,1.0,1.0
0.0024809646194858446,1.5150559513435933e-06,0.008214142549524756,0.0,1.0,1.0
0.0024809646194858446,9.570863847785039e-06,0.007799225803793332,0.0,1.625,1.625
0.002882537406248412,4.988589121795904e-06,0.0074747575260290374,0.0,2.0,2.0
0.004540690631421741,7.491034136361376e-06,0.007818912870288233,0.0,2.0,2.0
0.01003667971013408,1.2173759973056288e-06,0.010128272573365295,2.896416665420896e-06,2.0,2.0
0.01276196840273033,1.1875335136567286e-06,0.01111745926792598,1.6117157251132402e-05,2.0,2.0
0.011437141234583713,1.105067835744932e-06,0.005491237866328688,1.9091434579602248e-05,2.0,2.0
0.010117511363492744,3.790336184707061e-05,0.011503211925822312,8.331090946237524e-06,0.75,0.75
0.005359716934410278,1.0304009886795812e-06,0.009156920724144067,2.7282376332351665e-05,0.0,0.0
0.005294986371965498,9.140326549795223e-07,0.004016838558395744,1.0729199368145147e-05,0.0,0.0
0.005134578034896425,7.700833310160911e-07,0.0055155690490412,4.2932369605190375e-05,0.0,0.0
0.005296564826931342,6.538966156911519e-07,0.007117269477759784,3.9257346309279986e-05,0.0,0.0
0.005306342083146183,7.789153948100707e-07,0.007331142387950046,3.0365658589090035e-06,0.0,0.0
0.00526198798836954,0.0004219532301619825,0.0074942490906398426,1.0324323920290613e-05,1.25,1.25
0.006587922024081623,4.753922385291683e-06,0.013843612114695593,5.213549997757613e-05,2.0,2.0
0.008949882929180551,1.0957561157498318e-06,0.013269400994526111,4.679425849241824e-05,2.0,2.0
0.010184860210192439,1.114354850430284e-06,0.007517331180955665,3.6127347654712247e-06,2.0,2.0
0.009863862438688,1.2790883277794144e-06,0.01443499979640759,0.0,2.0,2.0
0.010818974321436001,1.574502216371901e-06,0.013419699329955938,0.0,2.0,2.0
0.009865678632483749,1.3806005624664626e-06,0.01314473728477469,0.0,2.0,2.0
0.006645747138338401,1.3465722218774955e-06,0.011313895867098687,0.0,2.0,2.0
0.0035590554460053496,3.3144361628326788e-06,0.009341622443246456,0.0,2.0,2.0
0.002650094129425078,1.3164761332192648e-06,0.008572551570296563,0.0,2.0,2.0
0.002582442325449385,1.4914766375507939e-06,0.008041747477246362,0.0,2.0,2.0
0.0024809646194858446,7.247005925922671e-06,0.007540848703705763,0.0,2.0,2.0
0.0024809646194858446,4.949201739920617e-06,0.007148837952617283,0.0,0.75,0.75
0.002882537406248412,8.6721426782412e-06,0.0068589572736228776,0.0,0.0,0.0
0.004540690631421741,1.1880785555608796e-05,0.007147653787593489,0.0,0.0,0.0
0.010019876591604795,1.2096805468290564e-06,0.009345138721377924,1.1538950263854213e-05,0.0,0.0
0.012775405739704199,1.1798630003875648e-06,0.01030415252939051,6.428176341321214e-05,0.0,0.0
0.011671433429046517,1.0784212666320064e-06,0.0050548806128310805,9.93346339178489e-05,0.0,0.0
0.010303908977119441,9.861987604822352e-05,0.011122202623499533,0.00012507536912183137,0.625,0.625
0.005593691366416413,9.367157892147259e-07,0.008884056640997222,0.00014664277278639021,1.0,1.0
0.0054707023104965,6.61337360463763e-07,0.004167730210955314,0.00016501788926594213,1.0,1.0
0.0053291667229475,6.151078037105885e-07,0.005727529294537126,0.00018062116614095148,1.0,1.0
0.005425635988793155,1.5901402532502854e-06,0.007340707504831721,0.00019133479337648683,1.0,1.0
0.005433377415625321,6.359138539268262e-07,0.007947049271569782,0.0001910389228569008,1.0,1.0
0.0054370960734379335,0.0004460860370096055,0.008314049534288158,0.00018873424723065194,2.875,2.875
0.0068793348271054345,7.417925445203537e-06,0.01444303606387185,0.00018417161237598354,4.0,4.0
0.009177097934473702,1.0801834275075283e-06,0.013687283824772942,0.00017490619347315862,4.0,4.0
0.010231933052542367,1.0984936815803118e-06,0.00808405060667623,0.00015106525844757048,4.0,4.0
0.009815065563537017,3.955851982603174e-06,0.015173251105543907,8.851200175404501e-05,4.0,4.0
0.010816733905632096,1.6485722441441465e-06,0.013880833071709201,6.5402956961117e-06,4.0,4.0
0.009865678632483749,1.4457038484647263e-06,0.013532089965123076,0.0,2.75,2.75
0.006645747138338401,1.4096291533526473e-06,0.011602273347472903,0.0,2.0,2.0
0.0035590554460053496,3.147447713973875e-06,0.009589470509759742,0.0,2.0,2.0
0.002650094129425078,1.3233989649174323e-06,0.008796451509097426,0.0,2.0,2.0
0.002582442325449385,1.46942782700019e-06,0.008268540000840482,0.0,2.0,2.0
0.0024809646194858446,8.851906532301863e-06,0.007854085448397564,0.0,2.0,2.0
0.0024809646194858446,2.710732791669487e-06,0.007464878427302646,0.0,0.75,0.75
0.002882537406248412,6.120753655862557e-06,0.007112732879533626,0.0,0.0,0.0
0.004540690631421741,8.545090456730489e-06,0.00745039227920793,0.0,0.0,0.0
0.010024985358579644,1.1947039081765237e-06,0.00981566186905219,7.334474459210978e-06,0.0,0.0
0.012739790349411499,1.158823700830986e-06,0.010956963919041897,2.933789783684391e-05,0.0,0.0
0.011456041015666014,1.0961226202020911e-06,0.005299056552965723,2.4448248197369926e-06,0.0,0.0
0.010042033905504231,3.030917719826391e-05,0.011311894946999988,1.7144918003378528e-05,1.25,1.25
0.005241663205402538,1.0362551413140164e-06,0.009260187401748533,8.796697711270237e-05,2.0,2.0
0.005136192832529633,7.152045509809069e-07,0.004498820131815358,0.00010452015407690889,2.0,2.0
0.005045220628561937,6.005360852704064e-07,0.006163107166628969,9.148627908251485e-05,2.0,2.0
0.005251756510853252,6.823711147725046e-07,0.007209392935341135,7.085320337454342e-06,2.0,2.0
0.005240554431833732,8.860505805526782e-07,0.007400010770989392,0.0,2.0,2.0
0.00520984673013032,0.0003112272626639721,0.007552811332069086,0.0,1.375,1.375
0.006608701990524414,4.022069751082528e-06,0.01363597249513151,0.0,1.0,1.0
0.008975877352547217,1.126169981962333e-06,0.01287597496191332,0.0,1.0,1.0
0.010148704805506845,1.127955006931673e-06,0.007330949823236525,0.0,1.0,1.0
0.009837113111873278,3.450313612995843e-06,0.014378906516211211,0.0,1.0,1.0
0.010817899334478092,1.412738014738913e-06,0.013385207016657302,0.0,1.0,1.0
0.009865678632483749,1.263461415818203e-06,0.013059645874533298,0.0,0.375,0.375
0.006645747138338401,1.2678554934827607e-06,0.01123034858682955,0.0,0.0,0.0
0.0035590554460053496,3.1743108469016437e-06,0.009268090450224628,0.0,0.0,0.0
0.002650094129425078,1.2585499867187347e-06,0.008517018940618102,0.0,0.0,0.0
0.002582442325449385,1.3889941509701294e-06,0.007989063952116038,0.0,0.0,0.0
0.0024809646194858446,6.211972702524257e-06,0.0075504993293544105,0.0,0.0,0.0
0.0024809646194858446,5.1217648501324065e-06,0.007146817360984538,0.0,0.625,0.625
0.002882537406248412,8.548766745073713e-06,0.006838440226485781,0.0,1.0,1.0
0.004540690631421741,1.1541632456556312e-05,0.007164493261956914,0.0,1.0,1.0
0.010033319086428221,1.2159987644503895e-06,0.009396950158883102,5.138803761230622e-06,1.0,1.0
0.01275882872589513,1.1790824333352651e-06,0.010293090439860476,3.830744622008281e-05,1.0,1.0
0.011522838530699806,1.055714683017867e-06,0.004994383490719015,9.519244664364482e-05,1.0,1.0
0.010183778847075022,2.521421483720338e-05,0.011050170100602752,0.00010775915765974516,0.375,0.375
0.005489570968372461,9.488483370268072e-07,0.008715677833124854,8.517956537555001e-05,0.0,0.0
0.005318322571714791,7.119497212332435e-07,0.004071138021677862,0.00013820267691188416,0.0,0.0
0.0052124683018658965,6.76477642377822e-07,0.005397597107142728,0.00010431771635298162,0.0,0.0
0.005290737682701368,1.5399748645453284e-06,0.00731005347698463,0.0001813374842410018,0.0,0.0
0.005306298358376793,5.692812597730052e-07,0.008188508719629997,0.0001726482342447391,0.0,0.0
0.005340726729753836,0.00046135258442733985,0.008228124621025396,0.0001163705469929589,1.25,1.25
0.006703531439035653,3.470624212621403e-06,0.014452559652771856,0.0001635696809332317,2.0,2.0
0.009063726999749224,1.0833117241739037e-06,0.013568787882339351,0.00011738273561259523,2.0,2.0
0.010156796476008655,1.067700727589491e-06,0.008055079958582552,0.0001467829219798783,2.0,2.0
0.009807003161352693,1.3716483267220237e-06,0.015249415255446014,8.983563302587714e-05,2.0,2.0
0.010816733905632096,1.4585356784437363e-06,0.013916006576307165,6.649300624380229e-06,2.0,2.0
0.009865678632483749,1.4119406272399637e-06,0.01357399219235846,0.0,2.0,2.0
0.006645747138338401,1.3855346896360439e-06,0.01167478285381627,0.0,2.0,2.0
0.0035590554460053496,2.9932522463738782e-06,0.009670028532367867,0.0,2.0,2.0
0.002650094129425078,1.3221884179963052e-06,0.008915285868869523,0.0,2.0,2.0
0.002582442325449385,1.4770059921110523e-06,0.008396373204663566,0.0,2.0,2.0
0.0024809646194858446,1.539519485114692e-06,0.007967868900624123,0.0,2.0,2.0
0.0024809646194858446,8.52116474270568e-06,0.0075595529815592815,0.0,0.75,0.75
0.002882537406248412,5.49274436152195e-06,0.007180127676153903,0.0,0.0,0.0
0.004540690631421741,8.339572007215415e-06,0.007495487821552701,0.0,0.0,0.0
0.01003667971013408,1.210369636029946e-06,0.0097604727027632,3.083282256738373e-06,0.0,0.0
0.012759280935335557,1.1871942934135937e-06,0.01062748111196259,1.7144918003378528e-05,0.0,0.0
0.011372258002152113,1.1103346523165456e-06,0.0052716336785232805,2.634804837576428e-05,0.0,0.0
0.010028586881222571,1.79822416922923e-05,0.01135821586857784,2.5896456530080376e-05,0.0,0.0
0.005424497994676977,1.0570956737705805e-06,0.008839597572901673,2.0243772392726694e-06,0.0,0.0
0.0052837842929459745,9.347075141592363e-07,0.0038355056354758958,8.876115587580166e-06,0.0,0.0
0.005134578034896425,7.48819767371805e-07,0.005362441459543306,4.5034607507512e-05,0.0,0.0
0.005296564826931342,6.219174581574882e-07,0.006977992092887469,4.107928582462539e-05,0.0,0.0
0.005306342083146183,7.571755727898906e-07,0.007204764277719312,3.1767150523971115e-06,0.0,0.0
0.005269729415201706,0.0004807432706719993,0.007342109400685052,0.0,1.875,1.875
0.006657791081247313,4.704993046908861e-06,0.013466085109473705,1.1305368274707368e-05,3.0,3.0
0.008918965780464765,1.095298308414348e-06,0.013085349162068695,5.783490051275918e-05,3.0,3.0
0.010114784658775598,1.0747778514908286e-06,0.007711527245733931,5.4222165747287955e-05,3.0,3.0
0.009853916230402557,1.2005861035621932e-06,0.014676402288448647,4.204475804643236e-06,3.0,3.0
0.010818974321436001,1.5682847729682875e-06,0.013635036067166368,0.0,3.0,3.0
0.009865678632483749,1.3841607096788415e-06,0.013336044625603657,0.0,2.375,2.375
0.006645747138338401,1.352164047560532e-06,0.01147168387943899,0.0,2.0,2.0
0.0035590554460053496,3.0732944410618753e-06,0.009496421960277283,0.0,2.0,2.0
0.002650094129425078,1.2825909451338205e-06,0.008738000565536804,0.0,2.0,2.0
0.0027177459334007717,1.3961230074509563e-06,0.008282006059731506,0.0,2.0,2.0
0.0024809646194858446,1.4231505912741083e-06,0.007847246380696305,0.0,2.0,2.0
0.0024809646194858446,1.0385370592992945e-05,0.00749784540809023,0.0,1.375,1.375
0.002882537406248412,5.3904195213830335e-06,0.007200938787911941,0.0,1.0,1.0
0.004371561121482508,8.124010768825517e-06,0.007268458365738912,0.0,1.0,1.0
0.008412397688475159,1.1980425692588915e-06,0.008382606383691277,5.2322365568893606e-06,1.0,1.0
0.01099380700731077,1.1616854793358972e-06,0.009810281416103577,3.6812521489542995e-05,1.0,1.0
0.014255523794388453,1.050407505027222e-06,0.006819891630000118,8.531971456903811e-05,1.0,1.0
0.010668597695830184,5.674859494883509e-06,0.012215309995031724,0.00010905164466635771,2.25,2.25
0.005433457951664167,9.648001230223246e-07,0.009250019306792027,0.0001276759152676663,3.0,3.0
0.005252448924222976,7.470723698522592e-07,0.004184352490868597,0.00014357506266226162,3.0,3.0
0.005127113330571834,7.030644995039158e-07,0.005674936109652569,0.0001569670967066808,3.0,3.0
0.005232973375058751,7.015065847126987e-07,0.00711269862096932,0.00016786758953353365,3.0,3.0
0.005244175454078272,7.241685230561682e-07,0.007631424491363125,0.00015964550351556464,3.0,3.0
0.005257823859012525,0.000370442301934558,0.007548753678364208,0.00011557636822985961,3.625,3.625
0.006612898571335158,3.2500174238938053e-06,0.013378104013160096,0.00017797390359728722,4.0,4.0
0.00865674033404934,1.083144054787777e-06,0.012824108516855934,0.00017503077053403692,4.0,4.0
0.010601836920443522,1.0640226907628716e-06,0.007653735576864333,0.00015223316839330472,4.0,4.0
0.010052474283028507,2.011287747756786e-06,0.014837887195917042,9.098797083900157e-05,4.0,4.0
0.010816733905632096,1.6282527702215077e-06,0.013556648537808752,6.742733420038967e-06,4.0,4.0
0.010170111750374373,1.4409308980363831e-06,0.01310021995047694,0.0,3.375,3.375
0.007119309766168257,1.4341426790258007e-06,0.01133673206485818,0.0,3.0,3.0
0.0037958367599202777,3.358106814446775e-06,0.009303737011848896,0.0,3.0,3.0
0.0027177459334007717,1.3554569397685564e-06,0.008645587927906479,0.0,3.0,3.0
0.0027177459334007717,1.5356140178497658e-06,0.008114402310910639,0.0,3.0,3.0
0.0024809646194858446,6.647846100572628e-06,0.007640459521765603,0.0,3.0,3.0
0.0024809646194858446,4.099614405000244e-06,0.007230365184263435,0.0,1.125,1.125
0.002882537406248412,7.795566224160333e-06,0.006931480587547395,0.0,0.0,0.0
0.004371561121482508,1.1285314070427625e-05,0.006983168313371368,0.0,0.0,0.0
0.00840231581735759,1.2049741651233336e-06,0.007983245878293634,8.175369620139626e-06,0.0,0.0
0.010980143565616687,1.174059585454071e-06,0.009284165602945347,4.536162229231758e-05,0.0,0.0
0.014095324806763487,1.0570089679314534e-06,0.006644962164642456,8.835628042794712e-05,0.0,0.0
0.010428718297582984,4.289504421689231e-06,0.012382986121707847,0.0001797802709800228,0.625,0.625
0.005230682693019974,8.344823728200196e-07,0.009792579833822812,0.0001752176361253544,1.0,1.0
0.005122098956050977,5.645839863314564e-07,0.004582602392066973,9.651607791547695e-05,1.0,1.0
0.0050068661272574585,6.063355723765105e-07,0.0060313486945903294,7.054176072234763e-06,1.0,1.0
0.005114511161379973,5.908320758096642e-07,0.007510980269911924,0.0,1.0,1.0
0.0050824950186759595,6.363066564679302e-07,0.008122398286700012,0.0,1.0,1.0
0.005041115269404544,0.0005441477470207733,0.008435264425151972,0.0,3.5,3.5
0.006457453764833854,9.93859372780335e-06,0.014351814419981939,0.0,5.0,5.0
0.008523181193784405,1.0972239739734154e-06,0.01367319529241116,0.0,5.0,5.0
0.010534448836421456,1.1289089598181725e-06,0.008249387054990537,0.0,5.0,5.0
0.010064993406352706,1.4364679696382458e-06,0.01540826841518947,0.0,5.0,5.0
0.010818974321436001,1.5541895198941204e-06,0.014246758155882704,0.0,5.0,5.0
0.010170111750374373,1.5330058045789822e-06,0.013794597705434421,0.0,3.125,3.125
0.007119309766168257,1.3784547877600802e-06,0.01206892763425842,0.0,2.0,2.0
0.0037958367599202777,2.612579446507345e-06,0.010055566767493666,0.0,2.0,2.0
0.0027177459334007717,1.3109983253225916e-06,0.009406121731675267,0.0,2.0,2.0
0.002582442325449385,1.4899121736322903e-06,0.00884408262169281,0.0,2.0,2.0
0.0024809646194858446,1.5972761892972074e-06,0.008432235431784011,0.0,2.0,2.0
0.0024809646194858446,1.3233854538898826e-06,0.008039603580807192,0.0,0.75,0.75
0.002882537406248412,1.401006964582617e-05,0.007613319122435694,0.0,0.0,0.0
0.004540690631421741,6.373462952833966e-06,0.0078284900988472,0.0,0.0,0.0
0.010019876591604795,1.233727103160168e-06,0.010027846614474138,1.2006114242147907e-05,0.0,0.0
0.012775405739704199,1.2056621784817673e-06,0.010939166003814742,6.657086690685124e-05,0.0,0.0
0.011671433429046517,1.1077790426080922e-06,0.005619996884774221,0.00010159259314626842,0.0,0.0
0.010315111056138962,8.753049880064935e-05,0.011800745461541895,0.0001272710398198117,1.25,1.25
0.005606729906027038,9.394039081390312e-07,0.009435717530322857,0.00014869829429088244,2.0,2.0
0.005480888051382376,6.783613640008123e-07,0.004482518892570198,0.00016719798783131269,2.0,2.0
0.0053459167544925535,6.29610122580845e-07,0.006073706439420452,0.0001822562400649794,2.0,2.0
0.00549163275598507,6.139709838047909e-07,0.007654414037229628,0.00019145937043736513,2.0,2.0
0.0055014100121999095,6.719130112835714e-07,0.008254370586382176,0.00019099220645907145,2.0,2.0
0.005475590938603919,0.00047327874688722854,0.008602914259855083,0.00018850066524150509,2.625,2.625
0.006894817680769768,5.298962107968539e-06,0.014836576259579258,0.00018401589104988564,3.0,3.0
0.009177097934473702,1.0652218641556797e-06,0.014128791561359077,0.00017526435252318377,3.0,3.0
0.010231933052542367,1.047541925446127e-06,0.008523913761105709,0.0001527159045042082,3.0,3.0
0.009816678043973882,1.4822041255372137e-06,0.01567798327693319,9.212473651951623e-05,3.0,3.0
0.010816733905632096,1.55152877847584e-06,0.01433532878458549,6.836166215697706e-06,3.0,3.0
0.009865678632483749,1.4411017938955234e-06,0.014006530650198721,0.0,3.0,3.0
0.006645747138338401,1.415522574014008e-06,0.012172695240977102,0.0,3.0,3.0
0.0035590554460053496,2.8621642100105365e-06,0.010145723211199968,0.0,3.0,3.0
0.002650094129425078,1.37565333788161e-06,0.009318497506780253,0.0,3.0,3.0
0.002582442325449385,1.5874462309613e-06,0.008739841297102728,0.0,3.0,3.0
0.0024809646194858446,1.6872414285163577e-06,0.008229401140758654,0.0,3.0,3.0
0.0024809646194858446,7.394754109750632e-06,0.007743326881947767,0.0,1.125,1.125
0.002882537406248412,4.91701646886616e-06,0.0073595345933866775,0.0,0.0,0.0
0.004540690631421741,7.4700761903021435e-06,0.00769976436289168,0.0,0.0,0.0
0.010029958462722364,1.2078642033716784e-06,0.01000085731783057,6.306713706964854e-06,0.0,0.0
0.012775405739704199,1.1872075516262079e-06,0.011020039413662837,4.419371234658335e-05,0.0,0.0
0.011577832587663772,1.0901354519591493e-06,0.0056278176504607385,0.0001018884636658544,0.0,0.0
0.010270302740060874,6.052518943587966e-05,0.011850863311903926,0.00011633940272773933,0.625,0.625
0.005591247052362703,9.1123247124059e-07,0.009475583523875992,9.701438615899022e-05,1.0,1.0
0.0054157082535325335,6.062017127771155e-07,0.004723118963807995,0.00016618579921167634,1.0,1.0
0.005272497003431778,5.044898829110639e-07,0.006560591077422966,0.00018546409938259608,1.0,1.0
0.0054041362496349615,4.877699307835738e-07,0.008383622294312694,0.00019170852455912177,1.0,1.0
0.005414808297202966,5.42729271087018e-07,0.00900573181581697,0.00017627654114282012,1.0,1.0
0.005425893994418412,0.0006278314033165302,0.00916529035059458,0.00012963800397649977,2.25,2.25
0.006822304940758794,2.57197167171988e-06,0.015572286969462916,0.00017911066927780186,3.0,3.0
0.009125109087740372,1.0539949908949513e-06,0.015039959613335426,0.00017526435252318377,3.0,3.0
0.010220730973522843,1.0336546010513718e-06,0.009414993082866408,0.00015285605369769632,3.0,3.0
0.009813453083100152,1.173819932235508e-06,0.0166671268437337,9.268533329346867e-05,3.0,3.0
0.010816733905632096,1.5607223775491792e-06,0.015218046091857784,6.882882613527076e-06,3.0,3.0
0.009865678632483749,1.4579778457681384e-06,0.014795241690565803,0.0,3.0,3.0
0.006645747138338401,1.4267512153397568e-06,0.012885123442735498,0.0,3.0,3.0
0.0035590554460053496,2.5265852851826863e-06,0.01076888994463305,0.0,3.0,3.0
0.002650094129425078,1.3928378342135813e-06,0.009890870365331487,0.0,3.0,3.0
0.002582442325449385,1.622726782634843e-06,0.00925701982093068,0.0,3.0,3.0
0.0024809646194858446,1.6784280182716349e-06,0.008758074938481773,0.0,3.0,3.0
0.0024809646194858446,1.3293966797835218e-06,0.00834085540444589,0.0,1.125,1.125
0.002882537406248412,1.2890238032581142e-05,0.007965854065238033,0.0,0.0,0.0
0.004540690631421741,3.617540266126596e-06,0.008276797216787448,0.0,0.0,0.0
0.010026597839016507,1.2069632506880552e-06,0.010691039838570362,6.259997309135484e-06,0.0,0.0
0.012745165284201047,1.1729868805570486e-06,0.012075643275631326,3.4616850791562644e-05,0.0,0.0
0.011390262991881249,1.0869688177662582e-06,0.0060684520515736215,4.039411198979465e-05,0.0,0.0
0.010044478219557942,2.0549289634522318e-05,0.012339552856745895,1.7394072125135166e-05,0.0,0.0
0.005357272620356568,1.0374886487769794e-06,0.009962963578241706,5.680713976051305e-05,0.0,0.0
0.005243452967188887,8.493605905993748e-07,0.004746710623890326,2.225257749938957e-05,0.0,0.0
0.005134578034896425,7.124090460334595e-07,0.006351041626713668,9.754383866772308e-05,0.0,0.0
0.005251756510853252,6.196118152524533e-07,0.008160344256689002,0.00014458725128189796,0.0,0.0
0.005240554431833732,6.23573456330723e-07,0.0089566894373522,0.00015463127681521234,0.0,0.0
0.00520984673013032,0.0004219866921781947,0.009293972100525037,0.00015080053219320406,1.25,1.25
0.006603813362416993,2.4611023504361304e-06,0.015474227071799507,9.483428759361966e-05,2.0,2.0
0.008949882929180551,1.1072419618490138e-06,0.014461146141110302,7.069748204844552e-06,2.0,2.0
0.010143103765997084,1.1696862102599349e-06,0.00847886677690412,0.0,2.0,2.0
0.009829332830130209,1.2916004383536752e-06,0.015567700005597193,0.0,2.0,2.0
0.010817899334478092,1.548436243520586e-06,0.014437341035884023,0.0,2.0,2.0
0.009865678632483749,1.4622030751644885e-06,0.014053623441531474,0.0,0.75,0.75
0.006645747138338401,1.3327206632481204e-06,0.012223431400306711,0.0,0.0,0.0
0.0035590554460053496,2.57700805502857e-06,0.010236559997250864,0.0,0.0,0.0
0.002650094129425078,1.2790472912553818e-06,0.009415893309912682,0.0,0.0,0.0
0.002582442325449385,1.4168119072801956e-06,0.008851969319734488,0.0,0.0,0.0
0.0024809646194858446,1.4695028008082107e-06,0.008414676195801348,0.0,0.0,0.0
0.0024809646194858446,1.595282941239614e-06,0.008055606235554678,0.0,0.625,0.625
0.002882537406248412,1.6682661697711388e-05,0.007728064132589684,0.0,1.0,1.0
0.004540690631421741,5.282700663504545e-06,0.008043508439275805,0.0,1.0,1.0
0.010033319086428221,1.2195861123860835e-06,0.010369977951046678,5.372385750377468e-06,1.0,1.0
0.01275882872589513,1.1930586770205854e-06,0.011477817411667096,3.80271478331066e-05,1.0,1.0
0.011552984115571017,1.1045034608326222e-06,0.005703824754573177,8.873001161058207e-05,1.0,1.0
0.010209603085647414,1.192655136607092e-05,0.011828857857067223,0.0001008607029136083,1.0,1.0
0.005528511568566571,1.0301735127905093e-06,0.00926630897847597,8.321747666671649e-05,1.0,1.0
0.005362600856341363,8.208510737361728e-07,0.0043165069587715,0.00014426023649709234,1.0,1.0
0.005184689209037304,6.644459694632254e-07,0.00588762778987483,0.00016193460700920375,1.0,1.0
0.0053378281943986805,5.748583788196772e-07,0.007559748589774215,0.00017289738836649574,1.0,1.0
0.0053378281943986805,5.951500379393046e-07,0.008288987245692742,0.0001816333547605878,1.0,1.0
0.005318322571714791,0.0004576678152569936,0.008631604415066397,0.00017037470288370978,1.625,1.625
0.006798360887546893,5.397948015151323e-06,0.014656637408845171,0.00011778761106044977,2.0,2.0
0.009052524920729702,1.0714250397254133e-06,0.014072083887878558,0.00016979853397714758,2.0,2.0
0.010176571703287904,1.0051225178102344e-06,0.0086071127441327,0.00015322978488033125,2.0,2.0
0.009808615641789559,1.0833988858137382e-06,0.015874942774684167,9.344836779134837e-05,2.0,2.0
0.010816733905632096,1.3743496773443162e-06,0.014504456435931798,6.945171143966234e-06,2.0,2.0
0.009865678632483749,1.4590978602678657e-06,0.014076671803041311,0.0,0.75,0.75
0.006645747138338401,1.3690917836608599e-06,0.012145491937991332,0.0,0.0,0.0
0.0035590554460053496,2.6322895853353166e-06,0.010157607845666387,0.0,0.0,0.0
0.002650094129425078,1.2795442333501433e-06,0.009425260815883678,0.0,0.0,0.0
0.002582442325449385,1.3947348620947777e-06,0.008901866578817186,0.0,0.0,0.0
0.0024809646194858446,1.444386052878221e-06,0.008470990655622894,0.0,0.0,0.0
0.0024809646194858446,1.5959002046092576e-06,0.008150161404580797,0.0,1.25,1.25
0.002882537406248412,1.2342171772500908e-05,0.00784529615797408,0.0,2.0,2.0
0.004540690631421741,4.762891324945087e-06,0.008148755161968358,0.0,2.0,2.0
0.010035067229697213,1.2496423674555618e-06,0.010436774849015307,4.017610213325759e-06,2.0,2.0
0.012750992428431022,1.2427075045655951e-06,0.011434155696803856,1.6070440853303035e-05,2.0,2.0
0.011447283250700201,1.2146686932989548e-06,0.005486677042929997,9.094125444117221e-06,2.0,2.0
0.01001738480220305,7.219845400665768e-06,0.01160802847537713,3.101968815870121e-05,2.0,2.0
0.005391499611081019,1.1763801713258818e-06,0.00891818484755293,2.5849740132251006e-06,2.0,2.0
0.005285620753537077,1.2240998842825262e-06,0.0036882256006285975,0.0,2.0,2.0
0.005168571470348136,1.076296554626599e-06,0.00472146658108643,1.2006114242147907e-05,2.0,2.0
0.005261122129281673,8.2189345239871e-07,0.00636867746684768,4.802445696859163e-05,2.0,2.0
0.005301453455038762,7.216926124722114e-07,0.006743053666520701,1.708262947293937e-05,2.0,2.0
0.005159572757048316,0.00017435354981925718,0.007256412113170211,5.23223655688936e-05,1.375,1.375
0.006674290273045292,1.9573644430842374e-06,0.013220948893379186,4.360197130741134e-06,1.0,1.0
0.00898664814853008,1.1163421233467025e-06,0.012400155052298512,1.555656047717997e-05,1.0,1.0
0.010092292695784088,1.079093066101332e-06,0.007208846167518849,8.315518813627732e-05,1.0,1.0
0.009783662316123485,1.8188855441956103e-06,0.014582681376775835,8.890130506928976e-05,1.0,1.0
0.010811178087066378,1.15579094620078e-06,0.01338084904944295,6.976315409185814e-06,1.0,1.0
0.009865678632483749,1.3641002584046214e-06,0.012990390697846932,0.0,1.625,1.625
0.006645747138338401,1.3133929303411643e-06,0.011193037148853053,0.0,2.0,2.0
0.0035590554460053496,3.2396442401498865e-06,0.009243324342611577,0.0,2.0,2.0
0.002650094129425078,1.2885250173646168e-06,0.008500590402792904,0.0,2.0,2.0
0.0027177459334007717,1.4495576270149607e-06,0.008043621361982637,0.0,2.0,2.0
0.0024809646194858446,5.171444838177127e-06,0.007623467311633298,0.0,2.0,2.0
0.0024809646194858446,5.237597610449977e-06,0.007243204060862698,0.0,0.75,0.75
0.002882537406248412,7.382785517223115e-06,0.006940572554190273,0.0,0.0,0.0
0.004371561121482508,1.0363190294074481e-05,0.007020346154768253,0.0,0.0,0.0
0.008415758312181018,1.1997812630622e-06,0.008058448930300638,2.569401880615311e-06,0.0,0.0
0.01099694668414597,1.1747142699572412e-06,0.009272691980549997,1.4248501337957632e-05,0.0,0.0
0.014106935370454047,1.093312834921847e-06,0.006477235033160061,2.169198072543714e-05,0.0,0.0
0.01049715937882861,3.783827440482306e-06,0.011633296268540257,2.697093368015587e-05,1.25,1.25
0.005295862490869817,1.141446040177171e-06,0.008560487706479979,3.154914066743406e-05,2.0,2.0
0.00516589093399542,1.002773307185389e-06,0.003498681241861427,2.810769936067052e-05,2.0,2.0
0.005132940474801808,9.717648282023209e-07,0.004471250273301996,9.84158780938713e-06,2.0,2.0
0.005194154321645121,1.1353087484253121e-06,0.005840787110825698,3.872789380054714e-05,2.0,2.0
0.005182952242625598,9.087713869852336e-07,0.00630428071471311,3.488157704592907e-05,2.0,2.0
0.00517546882141869,4.003049238721858e-05,0.00623851149327454,2.693978941493629e-06,1.375,1.375
0.006597104429626458,4.6175106351452306e-06,0.011543966623185018,0.0,1.0,1.0
0.008635240594891147,1.1628743093656643e-06,0.010830046068113332,9.950592737655658e-06,1.0,1.0
0.010540334517286408,1.1593187831198688e-06,0.006065584796716062,5.414430508423901e-05,1.0,1.0
0.010033688758668642,3.2295584515455952e-06,0.013170479449890107,6.0684600780350704e-05,1.0,1.0
0.010813418502870284,1.1871163872747464e-06,0.012113828473518596,4.780644711205457e-06,1.0,1.0
0.010170111750374373,1.2514493433257432e-06,0.01181506050765086,0.0,1.0,1.0
0.007119309766168257,1.2557721660471566e-06,0.01028617630649126,0.0,1.0,1.0
0.0037958367599202777,3.726047190939443e-06,0.008416751696734486,0.0,1.0,1.0
0.0027177459334007717,1.2287515205180006e-06,0.00788924097049876,0.0,1.0,1.0
0.0027177459334007717,4.55312266982454e-06,0.007456154689982665,0.0,1.0,1.0
0.0024809646194858446,7.442480663116556e-06,0.007066458005787126,0.0,1.0,1.0
0.0024809646194858446,8.464794067591377e-06,0.006697132381062464,0.0,1.0,1.0
0.002882537406248412,1.2376381298822045e-05,0.0064410141041467694,0.0,1.0,1.0
0.004371561121482508,1.5304908305250408e-05,0.006579545115823141,0.0,1.0,1.0
0.008398955193651735,1.1833063249570973e-06,0.0076326445038019525,9.717010748508812e-06,1.0,1.0
0.010988432072521221,1.1493010436633242e-06,0.008907697983500251,5.573266261043756e-05,1.0,1.0
0.014255523794388453,1.0259729711077842e-06,0.006198866205053173,9.18600102651498e-05,1.0,1.0
0.010677277638784904,3.6386436290111346e-06,0.011446322878528892,0.00011213492692309608,0.375,0.375
0.005322503698784283,9.205839089832053e-07,0.008663192406431637,9.450727280881408e-05,0.0,0.0
0.00511680184327252,7.121511020900886e-07,0.0038254441179380594,3.4243119608927686e-05,0.0,0.0
0.005087472834305607,6.305695721193873e-07,0.005317366322160662,0.0001405696410685722,0.0,0.0
0.005266579612117316,6.282328342046845e-07,0.006935191141001369,0.00017436116883181598,0.0,0.0
0.005277781691136838,5.81774361342023e-07,0.007653595365273034,0.0001839068861216171,0.0,0.0
0.005247073989433428,0.00046271265995945774,0.00790230196737008,0.00018800235699799182,1.25,1.25
0.006678564675867128,2.380215060972695e-05,0.013638213306974388,0.00018401589104988564,2.0,2.0
0.008706019166036126,1.0325222053201952e-06,0.013048709364402425,0.0001754045017166719,2.0,2.0
0.010620904565244643,9.569654141310045e-07,0.007981088060712006,0.00015383709805211307,2.0,2.0
0.010055699243902238,1.0292768380065716e-06,0.015207277377608758,9.441384001315534e-05,2.0,2.0
0.010814493489828192,1.3250882366454469e-06,0.013903518731233433,7.023031807015183e-06,2.0,2.0
0.010170111750374373,1.3009438376425895e-06,0.013531940039158558,0.0,2.625,2.625
0.007119309766168257,1.3495472445565771e-06,0.011853994342287585,0.0,3.0,3.0
0.0037958367599202777,2.7190838614276912e-06,0.009823033755985847,0.0,3.0,3.0
0.0027177459334007717,1.3703466861580656e-06,0.00914824302618098,0.0,3.0,3.0
0.002582442325449385,1.591860249715641e-06,0.008533155188304201,0.0,3.0,3.0
0.0024809646194858446,1.6654123107934864e-06,0.008083887166784827,0.0,3.0,3.0
0.0024809646194858446,8.597323105171517e-06,0.007736003395266931,0.0,1.75,1.75
0.002882537406248412,1.910507231908795e-05,0.007446140549096312,0.0,1.0,1.0
0.004540690631421741,6.371034155310336e-06,0.007782454909802826,0.0,1.0,1.0
0.010026597839016507,1.189553976687085e-06,0.010118743208906525,7.287758061381609e-06,1.0,1.0
0.012745165284201047,1.1567082491334973e-06,0.011382368238168085,2.9151032245526435e-05,1.0,1.0
0.011404881998318739,1.078062469663627e-06,0.005442340842394003,1.635073924027925e-05,1.0,1.0
0.010086680103147835,5.5647994413277506e-06,0.01153146512695669,7.469952012916149e-05,1.625,1.625
0.005397108011903841,9.5611836230453e-07,0.009213824129715479,9.910105192870206e-05,2.0,2.0
0.005257099360262118,6.414487346201422e-07,0.004252085775297899,0.00010341453266161381,2.0,2.0
0.005172161415502084,5.537386250457064e-07,0.005764366495903875,0.00012502865272400203,2.0,2.0
0.00531159547115525,5.392353864516598e-07,0.007322255967447577,0.00013077476965701442,2.0,2.0
0.005274160668892297,5.885304845780316e-07,0.007974001728679648,0.0001261342741392971,2.0,2.0
0.005272660035937543,0.0005125322596354501,0.008264501346232148,0.00014105237717947566,0.75,0.75
0.006647196855690401,2.174834483485587e-06,0.014565440086075361,0.00013529068811385346,0.0,0.0
0.00901578062778394,1.0769282204425473e-06,0.013868127236125277,0.00015335436194120958,0.0,0.0
0.010140190193882095,1.0508008371129475e-06,0.008202252271343524,0.00014195556087084348,0.0,0.0
0.009807003161352693,2.0843689896479e-06,0.01513483801496626,9.389995963703226e-05,0.0,0.0
0.010814493489828192,1.57799403843083e-06,0.013615438643012935,7.054176072234763e-06,0.0,0.0
0.009865678632483749,1.5584714400801885e-06,0.01319145425679912,0.0,0.625,0.625
0.006645747138338401,1.3904312327961778e-06,0.0113819534346987,0.0,1.0,1.0
0.0035590554460053496,3.1429116934062594e-06,0.00943141819842722,0.0,1.0,1.0
0.002650094129425078,1.285653299603424e-06,0.008697462646837432,0.0,1.0,1.0
0.002582442325449385,1.4066954018187274e-06,0.00822161303212139,0.0,1.0,1.0
0.0024809646194858446,1.457517183013358e-06,0.007825565522145582,0.0,1.0,1.0
0.0024809646194858446,8.369273481508519e-06,0.007516212354000573,0.0,2.25,2.25
0.002882537406248412,5.500651646965343e-06,0.007243814773241052,0.0,3.0,3.0
0.004540690631421741,8.520294541438326e-06,0.00758711414231281,0.0,3.0,3.0
0.010019876591604795,1.224001896712842e-06,0.009880099712000606,1.1772532253001061e-05,3.0,3.0
0.012775405739704199,1.1516616952903716e-06,0.010908995787091199,6.502922577848205e-05,3.0,3.0
0.01166068355946742,9.883812790316501e-07,0.005310209149532683,9.819786823733424e-05,3.0,3.0
0.010270302740060874,7.404225874188673e-06,0.0113743448491572,0.00012239696231294755,1.125,1.125
0.00559898847919487,9.185497552127115e-07,0.00918232067345771,0.00014256287404262527,0.0,0.0
0.005473146624550209,6.916502681099692e-07,0.004343426707658162,0.0001599102297699311,0.0,0.0
0.005300269030580894,6.291591685144725e-07,0.00597849365520999,0.0001744701737600845,0.0,0.0
0.005425635988793155,5.770042987033232e-07,0.007691179645413141,0.00018549524364781567,0.0,0.0
0.0054386745284037774,6.14494857285828e-07,0.008426327316156418,0.00019035374902207005,0.0,0.0
0.005425893994418412,0.000488565448678117,0.008811194611657306,0.0001884850931088953,3.125,3.125
0.006856930669066389,4.046029012171455e-06,0.015030316838818093,0.00018401589104988564,5.0,5.0
0.009177097934473702,1.0793212449090292e-06,0.014285588276844462,0.00017545121811450126,5.0,5.0
0.010231933052542367,1.0786880731161862e-06,0.008631917620807218,0.000154210829234748,5.0,5.0
0.009815065563537017,1.8425540799762488e-06,0.015720262586363398,9.517687451103502e-05,5.0,5.0
0.010816733905632096,1.6131436026762426e-06,0.014359204477766537,7.085320337454342e-06,5.0,5.0
0.009865678632483749,1.4739432244481218e-06,0.013986792189409179,0.0,4.375,4.375
0.006645747138338401,1.3983427859920375e-06,0.012148029376260533,0.0,4.0,4.0
0.0035590554460053496,2.784392648422071e-06,0.010122192261548929,0.0,4.0,4.0
0.002650094129425078,1.3243538113435073e-06,0.009339729326788646,0.0,4.0,4.0
0.002582442325449385,1.4707279231121752e-06,0.008801498059978248,0.0,4.0,4.0
0.0024809646194858446,1.5415871783281652e-06,0.008379554307593205,0.0,4.0,4.0
0.0024809646194858446,1.4770395478288485e-05,0.007987717797846522,0.0,3.375,3.375
0.002882537406248412,2.1935410500480717e-05,0.007642941973574127,0.0,3.0,3.0
0.004540690631421741,5.968615588627982e-06,0.00795239430326431,0.0,3.0,3.0
0.010033319086428221,1.222208104847743e-06,0.010366101349580022,5.465818546036207e-06,3.0,3.0
0.012770030804914654,1.1744321793569355e-06,0.011654246669473083,3.784028224178913e-05,3.0,3.0
0.011552984115571017,1.0486481877757242e-06,0.00577046532736062,7.61944448597013e-05,3.0,3.0
0.010248506435484436,9.065152092518855e-05,0.011842857819651262,7.063519351800637e-05,3.625,3.625
0.005523622940459151,9.844816467687395e-07,0.00941407717792521,0.0001236894493195601,4.0,4.0
0.005386467087542174,7.46395100159307e-07,0.004408523470565444,0.0001422670035230393,4.0,4.0
0.00523487245990494,6.647105305311279e-07,0.005847527797905537,0.0001551607293239452,4.0,4.0
0.005382636510476769,6.15024834210645e-07,0.007364254440341368,0.00016560963030511414,4.0,4.0
0.005371434431457247,6.629960315268528e-07,0.007964357310444902,0.00017380057205786353,4.0,4.0
0.005340726729753836,0.00040674353447908826,0.008374673694500318,0.00018002942510177944,5.875,5.875
0.006776861148388699,3.979144897907484e-06,0.014653266352918692,0.00018322171228678634,7.0,7.0
0.009085678948347841,1.038043213358729e-06,0.014043946286936915,0.00017543564598189145,7.0,7.0
0.010204153959713773,1.029327957913785e-06,0.008476615708569757,0.0001542575456325774,7.0,7.0
0.009813453083100152,1.9956970518920564e-06,0.0156282330247801,9.53637401023525e-05,7.0,7.0
0.010814493489828192,1.6585215401500371e-06,0.014307692748273735,7.1008924700641315e-06,7.0,7.0
0.009865678632483749,1.5271877237356297e-06,0.01385875223577615,0.0,3.875,3.875
0.006645747138338401,1.3949642980900812e-06,0.011973598182310188,0.0,2.0,2.0
0.0035590554460053496,2.8416797927676408e-06,0.00999447938303117,0.0,2.0,2.0
0.002650094129425078,1.272642321886131e-06,0.009257516532159803,0.0,2.0,2.0
0.002582442325449385,1.3691023535780616e-06,0.0087565962173387,0.0,2.0,2.0
0.0024809646194858446,1.4209718497699905e-06,0.008370058702559573,0.0,2.0,2.0
0.0024809646194858446,1.539183722138715e-05,0.008039415423078775,0.0,2.0,2.0
0.002882537406248412,1.5425881270264082e-05,0.00773576117494051,0.0,2.0,2.0
0.004540690631421741,5.743084823855707e-06,0.008001431721303442,0.0,2.0,2.0
0.010019876591604795,1.242295983108872e-06,0.01033523245480836,1.2099547037806645e-05,2.0,2.0
0.012775405739704199,1.1792730873087678e-06,0.011629854366699199,6.680444889599808e-05,2.0,2.0
0.01166605849425697,1.025805698413936e-06,0.005815349517517967,0.00010078284225055935,2.0,2.0
0.010303908977119441,6.645394525407886e-05,0.012021255510833339,0.0001256826822936132,1.375,1.375
0.005606729906027038,9.651961680514828e-07,0.009611833598340499,0.000146362474399414,1.0,1.0
0.005475590938603919,7.360684043624585e-07,0.004603838766981775,0.00016416142197240368,1.0,1.0
0.0053434724404388435,6.57991091713645e-07,0.006199319442544253,0.00017898609221692356,1.0,1.0
0.00549163275598507,6.231313655305692e-07,0.007829322673528228,0.00018932598826982395,1.0,1.0
0.0054653594610876354,6.800635468994849e-07,0.008459419775824439,0.00019064961954165608,1.0,1.0
0.005473146624550209,0.0004936295638572522,0.008795407215195766,0.0001884850931088953,1.625,1.625
0.006887076253937601,2.1764084508150663e-06,0.015051314609233486,0.00018406260744771499,2.0,2.0
0.009177097934473702,1.0569692762485804e-06,0.014427182226056925,0.00017563808370581874,2.0,2.0
0.010231933052542367,1.0227985526077449e-06,0.008784158070071636,0.00015431983416301656,2.0,2.0
0.009815065563537017,1.131475031042359e-06,0.01594906692458077,9.555060569366997e-05,2.0,2.0
0.010816733905632096,1.4677578158973695e-06,0.014539096621642796,7.116464602673921e-06,2.0,2.0
0.009865678632483749,1.4491562006845345e-06,0.014135346735928358,0.0,1.375,1.375
0.006645747138338401,1.379436096320322e-06,0.012266587191592689,0.0,1.0,1.0
0.0035590554460053496,2.6423986686739813e-06,0.01022197721959936,0.0,1.0,1.0
0.002650094129425078,1.3275334814505919e-06,0.009409396456182842,0.0,1.0,1.0
0.002582442325449385,1.4971957195267601e-06,0.008853409081673548,0.0,1.0,1.0
0.0024809646194858446,1.5561845239756349e-06,0.008401118101128684,0.0,1.0,1.0
0.0024809646194858446,1.5165449384436568e-06,0.008030764369630393,0.0,1.0,1.0
0.002882537406248412,1.6351605838775475e-05,0.007704865086748847,0.0,1.0,1.0
0.004540690631421741,5.327316520500517e-06,0.0080330031701909,0.0,1.0,1.0
0.010033319086428221,1.2056750519939574e-06,0.01038638741065222,6.026415319988638e-06,1.0,1.0
0.012772718272309426,1.1730446697666493e-06,0.011660629461465065,4.251192202472605e-05,1.0,1.0
0.011552984115571017,1.0611378975085353e-06,0.005774516554848235,9.87117486134573e-05,1.0,1.0
0.010237304356464916,6.036329154766732e-06,0.012006760669678021,0.0001254491003044663,1.0,1.0
0.005523622940459151,9.422589732746158e-07,0.009738293575162267,0.00014611332027765733,1.0,1.0
0.005389397708278012,6.936781412629251e-07,0.004687998267646994,0.00014718779742773283,1.0,1.0
0.005276539158026153,6.743336951384359e-07,0.006058761332609398,0.00011183905640351007,1.0,1.0
0.005376809366246795,6.108815277920225e-07,0.0078007058059854405,0.0001662636598747253,1.0,1.0
0.005414808297202966,6.945600087984922e-07,0.008258535106598793,0.00012144706222375035,1.0,1.0
0.005340726729753836,0.0005539173122667566,0.008847220365126912,0.00018253653845195562,1.625,1.625
0.006776861148388699,1.0867123538863998e-05,0.015340000191001707,0.0001840470353151052,2.0,2.0
0.00909105388313739,1.0440220310810592e-06,0.014767609626016009,0.00017563808370581874,2.0,2.0
0.010204153959713773,9.901718352680468e-07,0.009199655033297467,0.00015436655056084593,2.0,2.0
0.009813453083100152,1.1016738836708073e-06,0.01643252127718097,9.573747128498747e-05,2.0,2.0
0.010814493489828192,1.3970196891844777e-06,0.014973807950196271,7.132036735283711e-06,2.0,2.0
0.009865678632483749,1.3405541281529383e-06,0.014594433018203045,0.0,2.0,2.0
0.006645747138338401,1.294534036516498e-06,0.012778864106726136,0.0,2.0,2.0
0.0035590554460053496,2.340595586100287e-06,0.010815674246536578,0.0,2.0,2.0
0.002650094129425078,1.3057093221118083e-06,0.01005714842702317,0.0,2.0,2.0
0.0027177459334007717,1.5177423095062332e-06,0.009517713997661218,0.0,2.0,2.0
0.0024809646194858446,1.6421676290047077e-06,0.008984961350928397,0.0,2.0,2.0
0.0024809646194858446,1.5438825808430772e-06,0.00862198683042387,0.0,2.625,2.625
0.002882537406248412,1.4544895444997918e-06,0.00834301769625911,0.0,3.0,3.0
0.004371561121482508,2.4049957306176977e-05,0.008432866175602136,0.0,3.0,3.0
0.008404063960626582,1.2996126370251408e-06,0.009447647941488025,5.372385750377468e-06,3.0,3.0
0.010983057137731672,1.2616855420749863e-06,0.010954800185388486,2.1489543001509873e-05,3.0,3.0
0.014169252742051455,1.1593892819395436e-06,0.007379124526170839,1.7907952501258227e-06,3.0,3.0
0.010527382785710915,5.545499746013909e-06,0.012824604946923638,1.2052830639977276e-05,3.0,3.0
0.005225385580241517,1.0373303617367524e-06,0.009887715188335694,6.17590779304262e-05,3.0,3.0
0.005106207617715608,8.074323275237452e-07,0.004633235474998847,5.8208631695394136e-05,3.0,3.0
0.005068244391465141,6.730599066709812e-07,0.005944708225762784,2.035277732099522e-05,3.0,3.0
0.005156267309941744,7.220572827518671e-07,0.00746974491573906,6.334743545662475e-05,3.0,3.0
0.005146901691513321,8.468716917189297e-07,0.0077508992266463244,5.2789529547187295e-06,3.0,3.0
0.005110896877031456,0.0003253911609943772,0.0077391034945579005,1.7752231175160332e-05,3.0,3.0
0.00644685953927694,2.0284242485976235e-06,0.013803726720703402,8.946190184324219e-05,3.0,3.0
0.008516000663129164,1.09450447804013e-06,0.013290121855739356,7.972931896212358e-05,3.0,3.0
0.010565455411037716,1.0962173308794607e-06,0.007745661718426902,6.150992380866956e-06,3.0,3.0
0.010086080520087073,2.156505779602517e-06,0.014784654782675087,0.0,3.0,3.0
0.010818974321436001,1.5133145115985573e-06,0.013751434630692692,0.0,3.0,3.0
0.010170111750374373,1.3215218402452395e-06,0.013405285368434381,0.0,2.375,2.375
0.007119309766168257,1.3115983779964201e-06,0.01168727734941296,0.0,2.0,2.0
0.0037958367599202777,2.967009993645375e-06,0.009716005302080652,0.0,2.0,2.0
0.0027177459334007717,1.274329094265353e-06,0.009105785851199429,0.0,2.0,2.0
0.0027177459334007717,1.4155745258600127e-06,0.008578553764528304,0.0,2.0,2.0
0.0024809646194858446,1.4998045964610048e-06,0.00813895490100136,0.0,2.0,2.0
0.0024809646194858446,9.664314735679614e-06,0.007784650950617496,0.0,1.375,1.375
0.002882537406248412,4.560467421406615e-06,0.0074396355699125945,0.0,1.0,1.0
0.004371561121482508,7.364247384698208e-06,0.007508853906100948,0.0,1.0,1.0
0.008412397688475159,1.2132064448401362e-06,0.00856435084688028,5.8862661265005304e-06,1.0,1.0
0.011007696553725067,1.188512219074119e-06,0.00986114836216537,4.1063713692015605e-05,1.0,1.0
0.014257968108442164,1.079461572468325e-06,0.006921149991896835,9.404010883052037e-05,1.0,1.0
0.010706484707533563,5.068742932995612e-06,0.012359003308490737,0.00011959397844318538,1.0,1.0
0.0054622128109724,9.692124701461575e-07,0.009388704652740238,0.00013921486553152048,1.0,1.0
0.005286987202991792,7.201998178504616e-07,0.004333021891217316,0.00015587704742399552,1.0,1.0
0.005165642292979522,6.369366759902864e-07,0.005858983021739356,0.00015343222260425854,1.0,1.0
0.005315328412652584,6.278282014483274e-07,0.007112980175896135,0.00011514034851678551,1.0,1.0
0.005277781691136838,6.479161141800415e-07,0.00791579094724494,0.0001830037024302493,1.0,1.0
0.005247073989433428,0.0004633471497193715,0.008313712145606715,0.0001881736504566995,1.625,1.625
0.006678564675867128,7.4397742750003476e-06,0.014168979907606754,0.0001840470353151052,2.0,2.0
0.008706019166036126,1.0508647971629868e-06,0.01356267424486037,0.00017568480010364808,2.0,2.0
0.010620904565244643,9.96599875078248e-07,0.008366454012004964,0.00015464684894782213,2.0,2.0
0.010055699243902238,1.0917843662641111e-06,0.0156207801217486,9.61267746002322e-05,2.0,2.0
0.010814493489828192,1.3957547182068237e-06,0.01424896796281368,7.163181000503291e-06,2.0,2.0
0.010170111750374373,1.3377891544801552e-06,0.013855198159053358,0.0,2.625,2.625
0.007119309766168257,1.3670290662001926e-06,0.012171679801620983,0.0,3.0,3.0
0.0037958367599202777,2.7043480746548613e-06,0.010136914218404463,0.0,3.0,3.0
0.0027177459334007717,1.3537592016981123e-06,0.009439758194317551,0.0,3.0,3.0
0.002582442325449385,1.5616276000717574e-06,0.008820583623695604,0.0,3.0,3.0
0.0024809646194858446,1.6567164462392244e-06,0.008359577197130034,0.0,3.0,3.0
0.0024809646194858446,1.017565242739465e-05,0.00797025756568825,0.0,1.125,1.125
0.002882537406248412,1.182413303989444e-05,0.007614216694012834,0.0,0.0,0.0
0.004540690631421741,6.082310096609081e-06,0.007908372957511761,0.0,0.0,0.0
0.010033319086428221,1.2127470239372704e-06,0.0101979042136017,5.605967739524315e-06,0.0,0.0
0.01275882872589513,1.1876359686825966e-06,0.011286501728472655,4.120386288550371e-05,0.0,0.0
0.011528135643478262,1.0863124917073144e-06,0.0056561153443400024,0.00010053368812880271,0.0,0.0
0.010175959598231765,6.091385009054978e-06,0.011842611681399284,0.00012800293005247186,0.625,0.625
0.00543255070955351,9.771712548108423e-07,0.009532677120687654,0.00014907202547351738,1.0,1.0
0.005318322571714791,7.193206614512817e-07,0.004492215723616265,0.0001484491401691258,1.0,1.0
0.005229045315674966,6.681378703998462e-07,0.005790253886858503,0.00010777472979235494,1.0,1.0
0.005330086767566513,5.624480867042538e-07,0.007558606898031506,0.0001662480877421155,1.0,1.0
0.005382636510476769,6.460890305786611e-07,0.007996927304054043,9.878960927650626e-05,1.0,1.0
0.005340726729753836,0.0005893611037875932,0.008333928448788948,0.00011183905640351007,2.25,2.25
0.006701087124981943,7.78367834744681e-06,0.014948532910972865,0.00017819191345382426,3.0,3.0
0.009041322841710178,1.0311577390250418e-06,0.014595715571461897,0.00016601450575296867,3.0,3.0
0.01019583618449175,9.868834337268233e-07,0.008966126450265817,0.00011601238794293374,3.0,3.0
0.009807003161352693,1.116776759305803e-06,0.01626516130138167,9.309020874132321e-05,3.0,3.0
0.010814493489828192,1.4429702458403695e-06,0.014886092597278201,7.1787531331130805e-06,3.0,3.0
0.009865678632483749,1.2419978719639982e-06,0.014589317481813087,0.0,4.25,4.25
0.006645747138338401,1.3676382887526299e-06,0.01279103573108363,0.0,5.0,5.0
0.0035590554460053496,2.519917984737696e-06,0.010709899823828715,0.0,5.0,5.0
0.002650094129425078,1.4099063255138274e-06,0.00981900080896016,0.0,5.0,5.0
0.002582442325449385,1.6810352203775297e-06,0.00920750982824232,0.0,5.0,5.0
0.0024809646194858446,1.812157283292953e-06,0.008713125457795649,0.0,5.0,5.0
0.0024809646194858446,1.5990424172399599e-06,0.008286002394312956,0.0,3.75,3.75
0.002882537406248412,1.1168338753633836e-05,0.00794375979820605,0.0,3.0,3.0
0.004540690631421741,4.421837821650075e-06,0.008235993317869969,0.0,3.0,3.0
0.010026597839016507,1.2556914460177843e-06,0.01052440637770247,7.334474459210978e-06,3.0,3.0
0.01274785275159582,1.2187893435875879e-06,0.011636940156593008,4.27455040138729e-05,3.0,3.0
0.011489684503081667,1.1117313673022716e-06,0.0056671515683440745,7.289315274642588e-05,3.0,3.0
0.01015739047980941,6.460919664879628e-06,0.011811183364200171,9.140841841946591e-05,1.75,1.75
0.005402405124682299,9.673226113858009e-07,0.009444304802061687,0.00010641995425530323,1.0,1.0
0.005280557106791895,7.254662637289823e-07,0.004390095052461142,0.00011932925218881896,1.0,1.0
0.005184689209037304,6.174831957590283e-07,0.005985926515989172,0.0001300117351591347,1.0,1.0
0.0053304952522375505,5.52612568698918e-07,0.00763379899099597,0.00013849854743147016,1.0,1.0
0.005316639743284853,6.220638992660377e-07,0.008277696831722539,0.00014506998739280145,1.0,1.0
0.005275182172002346,0.0004673814944545459,0.008628177861138715,0.00014535028577977765,2.25,2.25
0.006622348383597646,1.706039604447111e-05,0.01482822189904572,0.0001054077656356669,3.0,3.0
0.008935090584833409,1.2688776101036884e-06,0.013736338814966382,8.004076161431938e-06,3.0,3.0
0.010140160925564608,1.5528467983154585e-06,0.007677904937094541,2.158297579716861e-05,3.0,3.0
0.009795997918735895,1.6049776145739565e-06,0.014787787579154,8.633190318867444e-05,3.0,3.0
0.010813418502870284,1.451256073316369e-06,0.013486895926748352,7.19432526572287e-06,3.0,3.0
0.009865678632483749,1.1713224859688357e-06,0.013138174977710915,0.0,2.375,2.375
0.006645747138338401,1.2259759717406488e-06,0.011405041593827308,0.0,2.0,2.0
0.0035590554460053496,3.0650998334861074e-06,0.009494190759840067,0.0,2.0,2.0
0.002650094129425078,1.264908914053637e-06,0.008747269485452657,0.0,2.0,2.0
0.002582442325449385,1.4325599875588015e-06,0.008241096455273605,0.0,2.0,2.0
0.0024809646194858446,1.5431606325267791e-06,0.007832777290551303,0.0,2.0,2.0
0.0024809646194858446,8.209941181765894e-06,0.0074816694904420705,0.0,2.0,2.0
0.002882537406248412,6.2211210339832324e-06,0.007158956749680623,0.0,2.0,2.0
0.004540690631421741,8.97222847301523e-06,0.007521894593104502,0.0,2.0,2.0
0.010023237215310652,1.2037035226141153e-06,0.00982964032077857,8.455668007115841e-06,2.0,2.0
0.012742477816806272,1.1562117400519609e-06,0.01083276344295578,3.3822672028463364e-05,2.0,2.0
0.011386390701907475,1.0415350520823653e-06,0.005261907725413244,1.8982429651333722e-05,2.0,2.0
0.010091568731255255,6.809537105264444e-06,0.011329598855048662,8.787354431704363e-05,2.625,2.625
0.005462696294424721,9.566977773858415e-07,0.009049868389067557,0.00012437462315439084,3.0,3.0
0.0052940041310735545,6.787395688667678e-07,0.004104677523051639,0.00013541526517473179,3.0,3.0
0.005134578034896425,6.171221558717894e-07,0.005554905144500725,0.00010157702101365862,3.0,3.0
0.005268863556113841,5.999436608122429e-07,0.006998234912586853,3.3760383498024205e-05,3.0,3.0
0.005268863556113841,5.875688946418865e-07,0.007573641343965328,0.00013720606042485762,3.0,3.0
0.005269807237212797,0.0004006570620234857,0.008027370096856739,0.0001688642060205602,2.375,2.375
0.0066583989347099234,1.9419907161448775e-05,0.014291044997752278,0.00015525416211960394,2.0,2.0
0.009026530497363036,1.0546593530953e-06,0.013669321249349196,0.00017334898021217966,2.0,2.0
0.010140190193882095,1.000756187627145e-06,0.00817980057276951,0.00015474028174348087,2.0,2.0
0.009807003161352693,1.0798150854638062e-06,0.015326917960767288,9.650050578286715e-05,2.0,2.0
0.010814493489828192,1.3853654138536266e-06,0.013994508004258797,7.19432526572287e-06,2.0,2.0
0.009865678632483749,1.381517374143883e-06,0.013640541622517406,0.0,1.375,1.375
0.006645747138338401,1.3534641557853898e-06,0.01182818086394972,0.0,1.0,1.0
0.0035590554460053496,2.7355130355725344e-06,0.009834998714106357,0.0,1.0,1.0
0.002650094129425078,1.3047978865185118e-06,0.009024922528056636,0.0,1.0,1.0
0.002582442325449385,1.445887571959152e-06,0.008495905904284803,0.0,1.0,1.0
0.0024809646194858446,1.4879667642031766e-06,0.008074262986712582,0.0,1.0,1.0
0.0024809646194858446,1.1456859444893437e-05,0.007759505995557681,0.0,1.0,1.0
0.002882537406248412,1.7559107646690704e-05,0.007555955312657204,0.0,1.0,1.0
0.004540690631421741,5.656677246421527e-06,0.007883002930374814,0.0,1.0,1.0
0.01003667971013408,1.2012354033800436e-06,0.010164419050309096,3.0365658589090035e-06,1.0,1.0
0.012770256909634865,1.1769092664402395e-06,0.011382129711071939,1.2146263435636014e-05,1.0,1.0
0.011463860264509271,1.130830055349607e-06,0.005386323512631238,6.851738348307496e-06,1.0,1.0
0.010028586881222571,7.862828355770787e-06,0.011497426713760172,3.017879299777256e-05,1.625,1.625
0.005334868462317524,1.0640390975387644e-06,0.009128088712858196,2.9228892908575385e-05,2.0,2.0
0.005285620753537077,9.360484821708101e-07,0.003845556677847327,2.2735313610293053e-06,2.0,2.0
0.005163189469879112,8.297490567115895e-07,0.00494170682789761,0.0,2.0,2.0
0.005341741056026461,8.076376375342293e-07,0.00630231609620147,9.389995963703226e-06,2.0,2.0
0.005219973834182511,6.522261081360967e-07,0.007067468508892555,4.727699460332172e-05,2.0,2.0
0.005177986231448489,0.0003623430557056848,0.007514028985132475,4.199804164860299e-05,2.0,2.0
0.006657791081247313,1.742382244767954e-05,0.013478038418768075,1.3610043900956253e-05,2.0,2.0
0.008933305915371482,1.1082224392123865e-06,0.012850692965413588,4.1484161272479926e-05,2.0,2.0
0.010184860210192439,1.1229778728451316e-06,0.0072043149476386835,3.4570134393733275e-06,2.0,2.0
0.009863862438688,1.2617143063734845e-06,0.014187606473017098,0.0,2.0,2.0
0.010818974321436001,1.5227656733359002e-06,0.013180004711729604,0.0,2.0,2.0
0.009865678632483749,1.2737532393416565e-06,0.012908327585453181,0.0,0.75,0.75
0.006645747138338401,1.2721902440179006e-06,0.011124241616628902,0.0,0.0,0.0
0.0035590554460053496,3.0467262845763285e-06,0.009237030992145899,0.0,0.0,0.0
0.002650094129425078,1.2439524421493562e-06,0.008511973954242281,0.0,0.0,0.0
0.002582442325449385,1.3562410960459395e-06,0.008004709657155178,0.0,0.0,0.0
0.0024809646194858446,1.4111586382721814e-06,0.007599690446220382,0.0,0.0,0.0
0.0024809646194858446,8.817571223790827e-06,0.007248722861557973,0.0,0.625,0.625
0.002882537406248412,6.892748769425505e-06,0.006935127782185705,0.0,1.0,1.0
0.004540690631421741,9.773482401051911e-06,0.0072911524140239275,0.0,1.0,1.0
0.010019876591604795,1.2169419662495617e-06,0.009555138584935998,1.1679099457342321e-05,1.0,1.0
0.012775405739704199,1.1672984274753904e-06,0.010494665209511988,6.451534540235898e-05,1.0,1.0
0.011658239245413711,1.025700145653543e-06,0.005153114081676376,9.746597800467413e-05,1.0,1.0
0.010270302740060874,6.2389193828525496e-06,0.011166757661275171,0.00012160278354984826,1.625,1.625
0.005591247052362703,9.013294100437341e-07,0.008945118353118934,0.00014153511329037915,2.0,2.0
0.005459500231476977,6.150115778885542e-07,0.004114564478586316,0.00015858659849809896,2.0,2.0
0.005281914092815702,5.585239293964336e-07,0.005640650228630753,0.00017271052277517825,2.0,2.0
0.005425635988793155,5.230480344141841e-07,0.007276338865715538,0.00018384459759117794,2.0,2.0
0.005430933101571611,4.99024373299383e-07,0.007976640866996034,0.00018999558997204492,2.0,2.0
0.005425893994418412,0.0005822940276799972,0.008386226578377053,0.00018828265538496801,2.625,2.625
0.006829637882919926,1.0817232173807713e-05,0.014696746363637487,0.0001840470353151052,3.0,3.0
0.00916230559012656,9.82903542850176e-07,0.01425651462118884,0.00017573151650147748,3.0,3.0
0.010231933052542367,9.018302010672674e-07,0.008823813414781074,0.00015497386373262772,3.0,3.0
0.009815065563537017,1.0164647257168886e-06,0.016104053300231836,9.670294350679443e-05,3.0,3.0
0.010814493489828192,1.3433840831450375e-06,0.014861734116692006,7.20989739833266e-06,3.0,3.0
0.009865678632483749,1.5938336192739027e-06,0.014478975497650178,0.0,1.75,1.75
0.006645747138338401,1.3826510034910474e-06,0.012562811703788061,0.0,1.0,1.0
0.0035590554460053496,2.480876234557442e-06,0.01053526235224047,0.0,1.0,1.0
0.002650094129425078,1.3238213487369859e-06,0.009734989094494297,0.0,1.0,1.0
0.0027177459334007717,1.4960100430661724e-06,0.009215524181609664,0.0,1.0,1.0
0.0024809646194858446,1.5818013506259996e-06,0.008703420077130333,0.0,1.0,1.0
0.0024809646194858446,1.6416510099182976e-06,0.008304688767519778,0.0,1.625,1.625
0.002882537406248412,1.3401416138055043e-05,0.007983534173614916,0.0,2.0,2.0
0.004371561121482508,3.4666712582374245e-06,0.008031158016929997,0.0,2.0,2.0
0.008398955193651735,1.2200597297292012e-06,0.009164533021089412,1.0137458328973135e-05,2.0,2.0
0.010988432072521221,1.1429554557113645e-06,0.010847473866565484,5.914295965198152e-05,2.0,2.0
0.014244321715368932,9.147321040549968e-07,0.007570932222735258,9.723239601552729e-05,2.0,2.0
0.010615446573869624,4.88435677137934e-06,0.013163100053707957,0.00011140303669043597,1.375,1.375
0.005451949248075431,9.024425601521131e-07,0.01031767056151156,0.00014631575800158462,1.0,1.0
0.005257823859012525,6.120438539933381e-07,0.005271009536221549,0.00016540719258118685,1.0,1.0
0.005149517488610878,5.468327543714236e-07,0.007131808523815302,0.00018018514642787733,1.0,1.0
0.005241731140024562,5.30205415199723e-07,0.008818977260839866,0.00018566653710652334,1.0,1.0
0.005152884479765479,5.94194001748496e-07,0.009495268325592127,0.00013731506535312612,1.0,1.0
0.005039157262032961,0.0004813766683917262,0.00975634135092202,1.0448900981168931e-05,2.25,2.25
0.00644685953927694,1.2130158167636505e-05,0.015737343136087045,3.340222444799904e-05,3.0,3.0
0.008606988366218364,1.0365731272337675e-06,0.015140770445570677,0.00016416142197240368,3.0,3.0
0.01060698575051286,9.552519208522236e-07,0.009815630825082985,0.00015497386373262772,3.0,3.0
0.010055699243902238,1.1186012184911958e-06,0.01722707937289133,9.670294350679443e-05,3.0,3.0
0.010814493489828192,1.550658110683545e-06,0.015792627072337036,7.20989739833266e-06,3.0,3.0
0.010170111750374373,1.6652904305628652e-06,0.01512629769019335,0.0,1.75,1.75
0.007119309766168257,1.4446040818026565e-06,0.013263184055157572,0.0,1.0,1.0
0.0037958367599202777,2.3469754008268548e-06,0.011077799611049237,0.0,1.0,1.0
0.0027177459334007717,1.3780646827557816e-06,0.010269692212212965,0.0,1.0,1.0
0.0027177459334007717,1.6510835400596844e-06,0.00957091613321232,0.0,1.0,1.0
0.0024809646194858446,1.8421479474533611e-06,0.00893987644179646,0.0,1.0,1.0
0.0024809646194858446,1.4405322433971322e-06,0.00842182161642684,0.0,0.375,0.375
0.002882537406248412,3.856790539670173e-06,0.008010311223135707,0.0,0.0,0.0
0.004371561121482508,4.209999566888783e-06,0.007947641221275977,0.0,0.0,0.0
0.00840231581735759,1.2600484758280304e-06,0.008901713471579174,8.829399189750796e-06,0.0,0.0
0.01098283103301146,1.2299004981263144e-06,0.010113689130168791,4.886535212952028e-05,0.0,0.0
0.014162983015908744,1.1255657277193361e-06,0.0071711606442004866,7.413892335520907e-05,0.0,0.0
0.010512797876515129,5.43248672875208e-06,0.01262638740855303,7.253499369640072e-05,0.625,0.625
0.005235979805798431,1.0906927300509858e-06,0.009605092387971675,5.668256269963474e-06,1.0,1.0
0.00511680184327252,9.619427391834974e-07,0.004323733225265663,2.443267606476014e-05,1.0,1.0
0.005059972933181458,7.802655933852888e-07,0.005831841214337984,0.00012912412360037672,1.0,1.0
0.00523052906100504,6.917787819035412e-07,0.007390702533544822,0.00016660624679214068,1.0,1.0
0.005232973375058751,7.016745064406304e-07,0.008059763450743277,0.00017602738702106349,1.0,1.0
0.0052022656733553396,0.00022287033860159182,0.008255207403441872,0.00018171121542363676,1.625,1.625
0.006599860031724534,2.4759721841520907e-06,0.0140549838475792,0.00018357987133681153,2.0,2.0
0.008634336176010296,1.0897116629102098e-06,0.013277234098809192,0.00017573151650147748,2.0,2.0
0.010562541838922726,1.0492602660283023e-06,0.00806421995653168,0.00015497386373262772,2.0,2.0
0.010050861802591644,2.1627326679489243e-06,0.015233442842597877,9.670294350679443e-05,2.0,2.0
0.010816733905632096,1.485878289909546e-06,0.013815461812201033,7.20989739833266e-06,2.0,2.0
0.010170111750374373,1.351313068269468e-06,0.013357338368879874,0.0,1.375,1.375
0.007119309766168257,1.3643630181007937e-06,0.011651375973684293,0.0,1.0,1.0
0.0037958367599202777,3.0491126765410677e-06,0.009622893265545633,0.0,1.0,1.0
0.0027177459334007717,1.3145610359372073e-06,0.008957396872964263,0.0,1.0,1.0
0.002582442325449385,1.4684815898462202e-06,0.008395427044283841,0.0,1.0,1.0
0.0024809646194858446,1.5264230763153923e-06,0.007971557735218189,0.0,1.0,1.0
0.0024809646194858446,6.471884033475868e-06,0.0075977461937901955,0.0,0.375,0.375
0.002882537406248412,5.293695592016264e-06,0.007255718221519894,0.0,0.0,0.0
0.004540690631421741,8.175943887698604e-06,0.007584822509566151,0.0,0.0,0.0
0.010023237215310652,1.2118749708719832e-06,0.009834427415016412,8.59581720060395e-06,0.0,0.0
0.012753453791105583,1.1827480806130296e-06,0.010787766691652448,4.984639648393703e-05,0.0,0.0
0.011550539801517308,1.09683274971182e-06,0.005285931112770924,8.415180462330387e-05,0.0,0.0
0.010161826898476403,6.484391317221151e-06,0.011271325523994447,0.00010232448337892854,0.625,0.625
0.005391810899125385,1.0180999850572214e-06,0.008956965523020253,0.00010981467916423741,1.0,1.0
0.005329524650734314,7.618793966946882e-07,0.00410619329661939,0.00013275243049845772,1.0,1.0
0.005139952969685973,6.566764990653245e-07,0.005633586329898225,0.0001338736240463626,1.0,1.0
0.0053378281943986805,5.587903951330855e-07,0.007239932351263283,0.00015861774276331852,1.0,1.0
0.005327233968841767,6.072868470093896e-07,0.007927493444111217,0.00016257306444620513,1.0,1.0
0.005221656662612452,0.0004346023742141712,0.008347422787916892,0.00012085532118457836,1.625,1.625
0.006577172154502527,4.913490832823852e-06,0.014519776784586385,3.858774460705904e-05,2.0,2.0
0.008984842552664386,1.0770622923580783e-06,0.01384755611848019,0.00014809098111910065,2.0,2.0
0.010159739316441131,9.985498929554756e-07,0.008379989645790812,0.00015363466032818578,2.0,2.0
0.009803778200478966,1.0517459750340927e-06,0.015642302372870964,9.670294350679443e-05,2.0,2.0
0.010814493489828192,1.3852651242844508e-06,0.014216611750243347,7.20989739833266e-06,2.0,2.0
0.009865678632483749,1.3945817406877135e-06,0.013806482743304193,0.0,2.0,2.0
0.006645747138338401,1.3739021148965396e-06,0.011946640814694947,0.0,2.0,2.0
0.0035590554460053496,2.6810968787702057e-06,0.009931434453821716,0.0,2.0,2.0
0.002650094129425078,1.3328277104458287e-06,0.009134500822718878,0.0,2.0,2.0
0.002582442325449385,1.5124726816417922e-06,0.008568340389282449,0.0,2.0,2.0
0.0024809646194858446,1.582269031657354e-06,0.008118659623887949,0.0,2.0,2.0
0.0024809646194858446,8.34647209148454e-06,0.007770150128848096,0.0,0.75,0.75
0.002882537406248412,1.3764034442938059e-05,0.007483934821034703,0.0,0.0,0.0
0.004540690631421741,5.565691711317273e-06,0.007794114257704529,0.0,0.0,0.0
0.010033319086428221,1.2039399552338224e-06,0.010103126314968345,5.932982524329899e-06,0.0,0.0
0.012761516193289905,1.1780393531251552e-06,0.011199865379622654,4.2932369605190375e-05,0.0,0.0
0.011550539801517308,1.0849729517855384e-06,0.005554790755174118,0.00010288508015288096,0.0,0.0
0.010199417344761536,6.62059728436069e-06,0.011755561948659394,0.00013103949591138087,0.625,0.625
0.005515803691615893,9.377518972059905e-07,0.00954794126325759,0.000135991434081294,1.0,1.0
0.005421005366310991,7.322740968057334e-07,0.004313012012926296,8.62540425256255e-05,1.0,1.0
0.005265789288447056,7.081305954595051e-07,0.005701045588917736,0.00010696497889664589,1.0,1.0
0.0053378281943986805,5.935929662644708e-07,0.007583922302497683,0.00018516822886301007,1.0,1.0
0.005349030273418203,5.840020209343783e-07,0.008403955203021268,0.00017418987537310828,1.0,1.0
0.0053787256607100075,0.0005685306299689538,0.00859427633905795,0.000122879698423851,2.25,2.25
0.006722474944887343,1.7938308633333608e-05,0.015075453691957832,0.0001785967889016788,3.0,3.0
0.009063726999749224,1.038399549199929e-06,0.014569832241138751,0.00017573151650147748,3.0,3.0
0.010190461249702201,9.881587917795422e-07,0.008966897582985628,0.00015497386373262772,3.0,3.0
0.009811840602663288,1.4446218390968013e-06,0.01618052076247795,9.670294350679443e-05,3.0,3.0
0.010816733905632096,1.489572683611101e-06,0.014758575960763552,7.20989739833266e-06,3.0,3.0
0.009865678632483749,1.4647041258053026e-06,0.01435495904309617,0.0,2.375,2.375
0.006645747138338401,1.3940932010822701e-06,0.012460585041190839,0.0,2.0,2.0
0.0035590554460053496,2.499322395471204e-06,0.01038184149001026,0.0,2.0,2.0
0.002650094129425078,1.3471813603314225e-06,0.00957624355556037,0.0,2.0,2.0
0.0027177459334007717,1.526264328158152e-06,0.009058859442933354,0.0,2.0,2.0
0.0024809646194858446,1.604117268806557e-06,0.00858777843465239,0.0,2.0,2.0
0.0024809646194858446,1.3392434631084755e-06,0.008199815959925907,0.0,0.75,0.75
0.002882537406248412,8.967569332779754e-06,0.007863911443616502,0.0,0.0,0.0
0.004371561121482508,1.7463345873754413e-05,0.007901421308894825,0.0,0.0,0.0
0.00840231581735759,1.2250456423737868e-06,0.008927542144858993,8.54910080277458e-06,0.0,0.0
0.010980143565616687,1.199280253195291e-06,0.010363717142632407,3.419640321109832e-05,0.0,0.0
0.014083555445935363,1.1174101817014535e-06,0.007168527993302014,1.9434021497017624e-05,0.0,0.0
0.010536508463693757,3.958042920834007e-06,0.012608089220750216,9.067652818680579e-05,0.625,0.625
0.005379898345032571,9.87363388369679e-07,0.009704589519163526,0.00013026088928089135,1.0,1.0
0.005189149311733625,6.588465782743047e-07,0.004624181315621615,0.0001414416804947204,1.0,1.0
0.005038687374680426,5.503389477760519e-07,0.0062888637999043975,0.00010442672128125015,1.0,1.0
0.0051640087367739096,5.077559211194648e-07,0.007851073986186511,3.4616850791562644e-05,1.0,1.0
0.005158711623995452,5.058031210634226e-07,0.00855688422915031,0.00014127038703601273,1.0,1.0
0.005175702287451964,0.0005274034605341737,0.009061299852750324,0.00018188250888234443,2.25,2.25
0.0065974157176708235,9.126515796917652e-07,0.015167139164219065,0.00017965569391914448,3.0,3.0
0.00859129484488638,1.0539338758820981e-06,0.014626634365620804,0.0001592873444655395,3.0,3.0
0.010543277357718882,1.0695548640771402e-06,0.009306853731061705,0.00013197382386796825,3.0,3.0
0.010068218367226437,1.3215657830385148e-06,0.01634493631615427,1.0184174726802504e-05,3.0,3.0
0.010818974321436001,1.8935752304639328e-06,0.014860896494238366,0.0,3.0,3.0
0.010170111750374373,1.5673006704168883e-06,0.01423846613705422,0.0,1.75,1.75
0.007119309766168257,1.4530900428996928e-06,0.012372325310783356,0.0,1.0,1.0
0.0037958367599202777,2.61693768536121e-06,0.010272507800381022,0.0,1.0,1.0
0.0027177459334007717,1.3374904402465014e-06,0.009559285928013602,0.0,1.0,1.0
0.002582442325449385,1.461541855112427e-06,0.008969624453244176,0.0,1.0,1.0
0.0024809646194858446,1.4409981334396448e-06,0.008576282278869812,0.0,1.0,1.0
0.0024809646194858446,1.4087308305219076e-06,0.008237210590538465,0.0,1.0,1.0
0.002882537406248412,1.5285930779869788e-05,0.007971843329646589,0.0,1.0,1.0
0.004540690631421741,2.673038257409599e-05,0.008356244754351701,0.0,1.0,1.0
0.010026597839016507,1.202229332893415e-06,0.01066063638712639,8.128653222310257e-06,1.0,1.0
0.01274785275159582,1.1639523090116508e-06,0.012024502590178895,5.0220127666571986e-05,1.0,1.0
0.011471193206670402,1.043369685372479e-06,0.006055934102527892,9.581533194803642e-05,1.0,1.0
0.010081460812380469,5.946890398051266e-06,0.012343606616588733,0.00011358313525580653,1.0,1.0
0.005359716934410278,9.61182842990169e-07,0.010028923481222427,0.00011095144484475206,1.0,1.0
0.005272737857948635,6.905796533670491e-07,0.004989458229577883,0.00014628461373636503,1.0,1.0
0.0051298694902044625,6.406586417495655e-07,0.006646311918334737,0.00010078284225055935,1.0,1.0
0.005268863556113841,6.186453956488794e-07,0.008160054083184216,3.304406539797387e-05,1.0,1.0
0.00520877175516299,6.352121020868158e-07,0.008741324897504128,0.00010184174726802505,1.0,1.0
0.0051726891186700315,0.000457733256754846,0.009117262788259656,3.548889021771087e-05,1.625,1.625
0.006639455428858233,2.668982883638973e-06,0.015559174777613668,0.00013594471768346464,2.0,2.0
0.00898707943156674,1.0506969811132448e-06,0.015034213314880935,0.00015129884043671736,2.0,2.0
0.010151166168181408,9.8363101063299e-07,0.009389209324708275,0.00015310520781945295,2.0,2.0
0.009800553239605235,1.06049080788218e-06,0.01676893958512857,9.651607791547695e-05,2.0,2.0
0.010813418502870284,1.3808641647686968e-06,0.01538786127075452,7.19432526572287e-06,2.0,2.0
0.009865678632483749,1.4618071902080524e-06,0.01484373244653178,0.0,1.375,1.375
0.006645747138338401,1.3809907364845313e-06,0.012898149817502513,0.0,1.0,1.0
0.0035590554460053496,2.3651470811522766e-06,0.010807425067986267,0.0,1.0,1.0
0.002650094129425078,1.3307537492779467e-06,0.009949101036393274,0.0,1.0,1.0
0.002582442325449385,1.486816311313352e-06,0.009398981400181078,0.0,1.0,1.0
0.0024809646194858446,1.5333538959207663e-06,0.00895951109951582,0.0,1.0,1.0
0.0024809646194858446,1.5293074866168316e-06,0.00856574117123584,0.0,1.0,1.0
0.002882537406248412,1.442867496344379e-06,0.008272334816508535,0.0,1.0,1.0
0.004540690631421741,1.6065847534939297e-05,0.008602811387016098,0.0,1.0,1.0
0.010029958462722364,1.2295994071517865e-06,0.010883088516470565,7.147608867893501e-06,1.0,1.0
0.01274785275159582,1.1868281816163864e-06,0.01220576489872649,4.3726548368289655e-05,1.0,1.0
0.011449241258071785,1.0584417765266862e-06,0.0061982383146956905,7.689519082714184e-05,1.0,1.0
0.010052297468401201,5.9902763039220455e-06,0.012489040178147016,7.72689220097768e-05,0.375,0.375
0.005359716934410278,9.944772394051086e-07,0.010188461731942345,9.509901384798608e-05,0.0,0.0
0.005257099360262118,7.281839347789107e-07,0.005129463193724533,0.00012569825442622294,0.0,0.0
0.005134578034896425,6.339883181035292e-07,0.0069296916419411365,0.0001178966159887183,0.0,0.0
0.005285362747911819,5.859464399659439e-07,0.008670366207278249,0.0001459108825537301,0.0,0.0
0.005230568059739426,6.616252151467416e-07,0.009267183255539468,9.942806671350764e-05,0.0,0.0
0.0051998603580360155,0.00039522390628418403,0.009494316620664866,7.474623652699086e-06,1.875,1.875
0.006566500106934522,2.451222664192577e-06,0.0157419474135052,2.4619541656077615e-05,3.0,3.0
0.008961085008200075,1.1022952605325362e-06,0.01501601943672639,0.0001289839744068886,3.0,3.0
0.01014579123339186,1.034969987526931e-06,0.009343601355535296,0.00015176600441501104,3.0,3.0
0.009795997918735895,1.104585624396208e-06,0.01671285920190948,9.631364019154969e-05,3.0,3.0
0.010813418502870284,1.4364990139922068e-06,0.015279187673789095,7.1787531331130805e-06,3.0,3.0
0.009865678632483749,1.6082904502423692e-06,0.014651596382178902,0.0,1.125,1.125
0.006645747138338401,1.4268861548227597e-06,0.01271332344393245,0.0,0.0,0.0
0.0035590554460053496,2.3615391450235214e-06,0.010721371210463994,0.0,0.0,0.0
0.002650094129425078,1.3006495460873713e-06,0.009934536804143855,0.0,0.0,0.0
0.0027177459334007717,1.4389307057061716e-06,0.009400067531533692,0.0,0.0,0.0
0.0024809646194858446,1.488786165247541e-06,0.008919259537732415,0.0,0.0,0.0
0.0024809646194858446,1.4496710033878592e-06,0.00861402663265913,0.0,1.875,1.875
0.002882537406248412,1.529585331561813e-06,0.008346552161780629,0.0,3.0,3.0
0.004371561121482508,1.1425589073099651e-05,0.008409630894625746,0.0,3.0,3.0
0.00840231581735759,1.2603803189720076e-06,0.00949369568520965,8.922831985409535e-06,3.0,3.0
0.010988432072521221,1.205507464271374e-06,0.01108565793883093,5.3536991912457204e-05,3.0,3.0
0.014190309899296908,1.0695833898924692e-06,0.007628984697807598,9.182886599993023e-05,3.0,3.0
0.010501595797495605,3.2668328824616824e-06,0.013161576340392894,7.583628580967615e-05,1.75,1.75
0.005235979805798431,1.0166352116369432e-06,0.010152228701070682,5.823977596061371e-06,1.0,1.0
0.005083803459676564,8.619968246169239e-07,0.004807772157185991,0.0,1.0,1.0
0.005022776750968942,7.233465517683672e-07,0.006382579623692173,2.6815212354057973e-05,1.0,1.0
0.0051640087367739096,5.826716985590316e-07,0.008027365698777909,0.00014304561015352876,1.0,1.0
0.005180507928571889,5.835863958346464e-07,0.008807397256897815,0.00018748847662186874,1.0,1.0
0.005164952417872869,0.00039682608002599334,0.00912034697806965,0.00018828265538496801,3.5,3.5
0.006592118604892366,1.0081868215015501e-06,0.015115481027997094,0.0001840470353151052,5.0,5.0
0.008630745910682676,1.0726615531406042e-06,0.01442572675639863,0.00017568480010364808,5.0,5.0
0.010557166904133181,1.0716503436028768e-06,0.009066850547666313,0.00015464684894782213,5.0,5.0
0.010049249322154778,1.23408712731742e-06,0.016387731164607844,9.61267746002322e-05,5.0,5.0
0.010814493489828192,1.6141763038427153e-06,0.01493589537443348,7.163181000503291e-06,5.0,5.0
0.010170111750374373,1.520353624944741e-06,0.014367257263633908,0.0,3.75,3.75
0.007119309766168257,1.429264610138678e-06,0.012607637977209847,0.0,3.0,3.0
0.0037958367599202777,2.5063048313576367e-06,0.010558973147699177,0.0,3.0,3.0
0.0027177459334007717,1.3409151931311085e-06,0.009864802984069498,0.0,3.0,3.0
0.0027177459334007717,1.5189947356052654e-06,0.009284796997295222,0.0,3.0,3.0
0.0024809646194858446,1.5993359101443618e-06,0.008797916342653917,0.0,3.0,3.0
0.0024809646194858446,1.2904351296458262e-06,0.00839802728896673,0.0,1.125,1.125
0.002882537406248412,1.3316789901183476e-06,0.008067715075067506,0.0,0.0,0.0
0.004371561121482508,2.0641504826019035e-05,0.008122718596109635,0.0,0.0,0.0
0.008409037064769302,1.2195442559655384e-06,0.009147644205067708,7.287758061381609e-06,0.0,0.0
0.010969167591317379,1.1881941990686888e-06,0.010759012658186323,5.199535078408802e-05,0.0,0.0
0.014058298489171572,1.0496523749983807e-06,0.007603859773363786,0.00012258382790426503,0.0,0.0
0.01045356676967574,9.789672420574772e-07,0.013331654303637972,0.0001394951639184967,0.625,0.625
0.005263272591944894,9.504060434784922e-07,0.010330179810557963,0.00011250865810573103,1.0,1.0
0.005057240073773187,6.555898534926802e-07,0.005330904702353459,0.00016951823559017135,1.0,1.0
0.004997449037873535,5.992117086187673e-07,0.006962797685313552,9.435155148271617e-05,1.0,1.0
0.005131010353177952,6.338449777226762e-07,0.008285888616991526,6.867310480917286e-06,1.0,1.0
0.005109214048601516,7.479404138448765e-07,0.008750028693424504,0.0,1.0,1.0
0.005051709494961457,0.0003674748982143336,0.009028808100119756,0.0,3.5,3.5
0.0064627508776123116,1.2353612643110684e-05,0.015099356727213796,0.0,5.0,5.0
0.008528556128573953,1.1149990915151429e-06,0.014417397895625387,2.7375809128010403e-05,5.0,5.0
0.010523246757401933,1.110253020634276e-06,0.009102918429401632,0.00010950323651204161,5.0,5.0
0.01006485774352058,1.2010463911395197e-06,0.01621982866969543,9.1252697093368e-06,5.0,5.0
0.010817899334478092,1.561665890801329e-06,0.0149054975973574,0.0,5.0,5.0
0.010170111750374373,1.5136212734761104e-06,0.01435878605486652,0.0,3.75,3.75
0.007119309766168257,1.405740177077447e-06,0.012597478537849871,0.0,3.0,3.0
0.0037958367599202777,2.4815983416639484e-06,0.010563271008062359,0.0,3.0,3.0
0.0027177459334007717,1.3279340644016837e-06,0.009915076260623032,0.0,3.0,3.0
0.002582442325449385,1.5082025684198349e-06,0.009291525725639523,0.0,3.0,3.0
0.0024809646194858446,1.5972415594899398e-06,0.008785045844306737,0.0,3.0,3.0
0.0024809646194858446,1.3618646090339208e-06,0.008347757182139977,0.0,1.125,1.125
0.002882537406248412,1.224730270058964e-05,0.008019756627982664,0.0,0.0,0.0
0.004540690631421741,2.1789172705633853e-05,0.008386625892274336,0.0,0.0,0.0
0.010023237215310652,1.2091738956724803e-06,0.010683970523117314,8.315518813627734e-06,0.0,0.0
0.012745165284201047,1.182238535851814e-06,0.011966804572300267,3.326207525451094e-05,0.0,0.0
0.01139714057148657,1.1123652919112174e-06,0.0059445158630232675,2.771839604542578e-06,0.0,0.0
0.010039181106779486,6.740527572422171e-06,0.012186264272921486,1.9200439507870777e-05,0.625,0.625
0.005370466803989375,1.0060715398699081e-06,0.009833611698258759,0.00010179503087019568,1.0,1.0
0.005318322571714791,6.943818922472629e-07,0.004795152317392501,0.0001336556141898255,1.0,1.0
0.005184689209037304,5.874904641591895e-07,0.0064852514227272395,0.00014656491212334125,1.0,1.0
0.0053378281943986805,5.49554627344054e-07,0.00816563615014746,0.00015601719661748365,1.0,1.0
0.0053378281943986805,6.017991228396458e-07,0.008812086311347025,0.0001632115218832065,1.0,1.0
0.00530712049269527,0.0004687917223520802,0.00922787596379135,0.00016839704204226649,2.25,2.25
0.006703531439035653,9.491948425898573e-07,0.015644702538202805,0.00017302196542737404,3.0,3.0
0.009030120762690656,1.0449040706117815e-06,0.015013157260811837,0.00017487504920793903,3.0,3.0
0.010148478700786634,9.76307748511644e-07,0.009374798763021117,0.00015455341615216338,3.0,3.0
0.009808615641789559,1.0631384493841727e-06,0.016683577889632817,9.575304341759725e-05,3.0,3.0
0.010814493489828192,1.4116578104949307e-06,0.015308015043134527,7.132036735283711e-06,3.0,3.0
0.009865678632483749,1.3802956192168695e-06,0.014873345768256052,0.0,3.0,3.0
0.006645747138338401,1.3556827216910272e-06,0.013005584750628095,0.0,3.0,3.0
0.0035590554460053496,2.294093655900819e-06,0.010985790175070405,0.0,3.0,3.0
0.002650094129425078,1.3451443096980262e-06,0.01018641166423972,0.0,3.0,3.0
0.002582442325449385,1.54526927925286e-06,0.009598529992795573,0.0,3.0,3.0
0.0024809646194858446,1.6359009147688181e-06,0.009131352002531375,0.0,3.0,3.0
0.0024809646194858446,1.626625360263328e-06,0.00873192234723693,0.0,3.0,3.0
0.002882537406248412,1.5005621094533966e-06,0.008425908194916568,0.0,3.0,3.0
0.004540690631421741,1.3509887186546233e-06,0.008748766712260202,0.0,3.0,3.0
0.010023237215310652,1.2380747769161917e-06,0.011056510012483482,9.296563168044488e-06,3.0,3.0
0.012745165284201047,1.1810996545761144e-06,0.01235290507856629,3.718625267217795e-05,3.0,3.0
0.011383460081171635,1.0684439826949934e-06,0.006236814818293289,2.155183153194903e-05,3.0,3.0
0.010124722758873397,1.663822019852042e-05,0.012491578009637471,9.824458463516361e-05,1.75,1.75
0.005515803691615893,9.935606020978214e-07,0.010145844939177558,0.00013135093856357665,1.0,1.0
0.005373350725920459,7.304883807405062e-07,0.005010788646105617,0.0001480131204560517,1.0,1.0
0.005204649053022639,6.3511913438392e-07,0.006695890327128823,0.00015752769348063324,1.0,1.0
0.005301487552280463,5.879314815419518e-07,0.008367602720470192,0.0001571539622979983,1.0,1.0
0.0053378281943986805,5.974677767215634e-07,0.009021171244976336,0.00017830091838209278,1.0,1.0
0.005329524650734314,0.00042399131435594587,0.00947533285820085,0.00018454534355861847,2.875,2.875
0.006769119721556533,8.904760936021011e-07,0.015915458608254204,0.00018379788119334857,4.0,4.0
0.009057899855519249,1.0555747608221162e-06,0.015212007452674241,0.00017568480010364808,4.0,4.0
0.01014287766127687,1.053798372691309e-06,0.009478696749814662,0.00013315730594631224,4.0,4.0
0.009824359725987488,1.2255553777885379e-06,0.016580074520833744,1.0168602594192715e-05,4.0,4.0
0.010818974321436001,1.6800939580224276e-06,0.015253564187230648,0.0,4.0,4.0
0.009865678632483749,1.5141128871487319e-06,0.014807259079923692,0.0,3.375,3.375
0.006645747138338401,1.3983948545039185e-06,0.012898409136130787,0.0,3.0,3.0
0.0035590554460053496,2.2867904722808296e-06,0.010876139926603835,0.0,3.0,3.0
0.002650094129425078,1.2963480562827134e-06,0.010078302212208236,0.0,3.0,3.0
0.002582442325449385,1.4145077093661601e-06,0.00955600859794829,0.0,3.0,3.0
0.0024809646194858446,1.4480989136330639e-06,0.009180938003165093,0.0,3.0,3.0
0.0024809646194858446,1.7338798501595564e-06,0.008784866632997095,0.0,1.125,1.125
0.002882537406248412,1.4083115943632868e-06,0.008425820928314882,0.0,0.0,0.0
0.004540690631421741,1.2808749828567393e-06,0.008745020414373568,0.0,0.0,0.0
0.01003667971013408,1.2121313108992357e-06,0.011095031510964802,5.839549728671161e-06,0.0,0.0
0.012748078856316035,1.1790894434791602e-06,0.01244024957713547,2.3358198914684643e-05,0.0,0.0
0.011423903326181517,1.118281941734954e-06,0.006330499883780956,1.9465165762237204e-06,0.0,0.0
0.010049775332336398,1.599175235576801e-05,0.012553239167115702,0.0,1.875,1.875
0.005346070541337047,1.0767120169024551e-06,0.010056157464958276,0.0,3.0,3.0
0.005226953775390908,8.681048934134149e-07,0.0047899742676091785,1.6817903218572944e-05,3.0,3.0
0.005093339698089534,5.663304247630324e-07,0.006425428273825097,6.727161287429178e-05,3.0,3.0
0.005251756510853252,6.18830328505176e-07,0.0079258181354008,5.605967739524315e-06,3.0,3.0
0.005230568059739426,5.541357041829171e-07,0.008428413832184262,1.9387305099188256e-05,3.0,3.0
0.005151831330216149,0.0003945690401342882,0.008921263893657333,0.0001122595039839744,2.375,2.375
0.006532603778870017,9.421678674283236e-07,0.01580608952344098,0.00016585878442687077,2.0,2.0
0.008926125384716242,1.0372395393491582e-06,0.015030345660455899,0.0001160746764733729,2.0,2.0
0.0101145292857379,1.0098980068809575e-06,0.009165832449031972,9.59866254067441e-05,2.0,2.0
0.009830945310567073,1.1627318373053398e-06,0.016216513870655078,7.427907254869716e-06,2.0,2.0
0.010818974321436001,1.5219300202420041e-06,0.014973243671045416,0.0,2.0,2.0
0.009865678632483749,1.378098206625846e-06,0.014649573786623042,0.0,2.0,2.0
0.006645747138338401,1.3415019526338744e-06,0.01282255292919106,0.0,2.0,2.0
0.0035590554460053496,2.2725283719045168e-06,0.010820549777210512,0.0,2.0,2.0
0.002650094129425078,1.3060075704937393e-06,0.01001838002150835,0.0,2.0,2.0
0.002582442325449385,1.4704213576198568e-06,0.009474685231847236,0.0,2.0,2.0
0.0024809646194858446,1.5265564901629703e-06,0.009061026080166786,0.0,2.0,2.0
0.0024809646194858446,1.4947163289083679e-06,0.00871523442697713,0.0,2.0,2.0
0.002882537406248412,1.4147636062798863e-06,0.00840202487310983,0.0,2.0,2.0
0.004540690631421741,1.2977683094490029e-06,0.008722891829636474,0.0,2.0,2.0
0.010046761581251649,1.2158388385691997e-06,0.011048370224467662,0.0,2.0,2.0
0.012842844318541546,1.1844854098415734e-06,0.01226025015281808,0.0,2.0,2.0
0.011476976626130987,1.1146616724174043e-06,0.00616429008931346,0.0,2.0,2.0
0.010112467091363141,1.792542719273932e-05,0.012304341432231518,0.0,1.375,1.375
0.005375608272745649,1.0961638293583904e-06,0.009811431475352213,0.0,1.0,1.0
0.00526443230242325,9.6760681238966e-07,0.004531583676026793,0.0,1.0,1.0
0.005144355291111265,8.581188131857947e-07,0.005894467498604259,0.0,1.0,1.0
0.005274160668892297,7.561367947491807e-07,0.007280582025476734,0.0,1.0,1.0
0.005285362747911819,7.52729273842237e-07,0.007755197793140795,0.0,1.0,1.0
0.005259543674315828,0.0004609077749147319,0.008077728775312168,0.0,1.625,1.625
0.0066583989347099234,1.0088005391051857e-06,0.014339835028865645,0.0,2.0,2.0
0.009001440492877223,1.103716079614637e-06,0.01362631934217139,0.0,2.0,2.0
0.01017359959453794,1.1289599377277402e-06,0.007904862398220497,0.0,2.0,2.0
0.009852168087133567,1.2321506596519662e-06,0.015047877343544729,0.0,2.0,2.0
0.010818974321436001,1.486614546315495e-06,0.01405253122125567,0.0,2.0,2.0
0.009865678632483749,1.324455078372299e-06,0.013827034927310543,0.0,3.25,3.25
0.006645747138338401,1.3419932256998266e-06,0.012058465123444719,0.0,4.0,4.0
0.0035590554460053496,2.4231363327066442e-06,0.010119705163841251,0.0,4.0,4.0
0.002650094129425078,1.2656511219737756e-06,0.009396445594670544,0.0,4.0,4.0
0.002582442325449385,1.345772078277384e-06,0.008899398914094438,0.0,4.0,4.0
0.0024809646194858446,1.3576362484738066e-06,0.008514192151349218,0.0,4.0,4.0
0.0024809646194858446,1.348447287991525e-06,0.00817412454968935,0.0,2.125,2.125
0.002882537406248412,1.3038337055917384e-06,0.00789107585561261,0.0,1.0,1.0
0.004540690631421741,1.4519662322293787e-05,0.008268571115945023,0.0,1.0,1.0
0.010046761581251649,1.1775069129092704e-06,0.010626615177140506,0.0,1.0,1.0
0.012842844318541546,1.1598997017313526e-06,0.011904861558370058,0.0,1.0,1.0
0.011476976626130987,1.1067664170710019e-06,0.00588778749254267,0.0,1.0,1.0
0.010112467091363141,2.0822525053266362e-05,0.01196054959500819,0.0,1.0,1.0
0.005375608272745649,1.0654864328883687e-06,0.009483662485993237,0.0,1.0,1.0
0.00526443230242325,8.728376316180459e-07,0.004332381186704805,0.0,1.0,1.0
0.005144355291111265,7.298628484778878e-07,0.005715726094804274,0.0,1.0,1.0
0.005285362747911819,6.237958432234495e-07,0.0071054165169208115,0.0,1.0,1.0
0.005285362747911819,6.678064464589976e-07,0.007586992017196601,0.0,1.0,1.0
0.005259543674315828,0.0005138302468533543,0.007927499430150505,0.0,2.25,2.25
0.0066583989347099234,1.1803582555782449e-06,0.014201838706507227,0.0,3.0,3.0
0.009001440492877223,1.1731392063152512e-06,0.013423654486007675,0.0,3.0,3.0
0.01017359959453794,1.2479600293654787e-06,0.0076506189139129216,0.0,3.0,3.0
0.009852168087133567,1.3484547108533206e-06,0.014697717604777444,0.0,3.0,3.0
0.010818974321436001,1.5188177451236595e-06,0.01374545295347572,0.0,3.0,3.0
0.009865678632483749,1.288089422189739e-06,0.013577017973726598,0.0,3.625,3.625
0.006645747138338401,1.2325292654000785e-06,0.011772226635200712,0.0,4.0,4.0
0.0035590554460053496,2.464884398176373e-06,0.00984509936270138,0.0,4.0,4.0
0.002650094129425078,1.2583906036279654e-06,0.00914721474343016,0.0,4.0,4.0
0.0027177459334007717,1.4364070671243032e-06,0.008685818941748488,0.0,4.0,4.0
0.0024809646194858446,1.4954803500617972e-06,0.008263562287324404,0.0,4.0,4.0
0.0024809646194858446,1.3127934882213668e-06,0.007928122709406026,0.0,2.75,2.75
0.002882537406248412,1.292842137729556e-06,0.007677279850775225,0.0,2.0,2.0
0.004371561121482508,3.4302275757996005e-05,0.00784320220487696,0.0,2.0,2.0
0.008425840183298587,1.1968301734097156e-06,0.008902240581268959,0.0,2.0,2.0
0.011077822599957184,1.1973192275244592e-06,0.010401991364675468,0.0,2.0,2.0
0.014179516304948424,1.160809528546176e-06,0.007025608598420945,0.0,2.0,2.0
0.01056514825063381,1.6485565220647263e-05,0.012283788613867766,0.0,2.0,2.0
0.005311753829205188,1.1313152457681005e-06,0.009132078951862308,0.0,2.0,2.0
0.005159577483083319,1.0879252545927195e-06,0.003872385576273225,0.0,2.0,2.0
0.00506437525460675,9.521268446812959e-07,0.0050359043687577855,0.0,2.0,2.0
0.005158103770532845,9.377855421446979e-07,0.006277441013076856,0.0,2.0,2.0
0.005180507928571889,8.835238010754211e-07,0.006698061817854804,0.0,2.0,2.0
0.005154688854975898,0.0002107978147581711,0.0068092460819355214,0.0,2.625,2.625
0.006554727527398804,1.9153021359595893e-05,0.012446820488757629,0.0,3.0,3.0
0.008605655906196863,1.1348139940151628e-06,0.011713642087933218,0.0,3.0,3.0
0.01058497526527926,1.1444310934663702e-06,0.006577042847285709,0.0,3.0,3.0
0.010094414247935652,1.1815129952047938e-06,0.013591845933892455,0.0,3.0,3.0
0.010818974321436001,1.335399882644834e-06,0.012681740913639277,0.0,3.0,3.0
0.010170111750374373,1.1174668013641952e-06,0.01244334310038421,0.0,1.125,1.125
0.007119309766168257,1.1864297865148497e-06,0.010877267785418934,0.0,0.0,0.0
0.0037958367599202777,3.030749834804644e-06,0.008980052865073423,0.0,0.0,0.0
0.0027177459334007717,1.2161489496773387e-06,0.008421401743781486,0.0,0.0,0.0
0.0027177459334007717,1.299109103625279e-06,0.007948927167542807,0.0,0.0,0.0
0.0024809646194858446,1.3411337584364615e-06,0.00754142497609029,0.0,0.0,0.0
0.0024809646194858446,1.0592136565765842e-05,0.007270633927227756,0.0,0.625,0.625
0.002882537406248412,3.999502830545783e-06,0.007082090355020985,0.0,1.0,1.0
0.004371561121482508,6.612224072389531e-06,0.0072445309702580596,0.0,1.0,1.0
0.00842247955959273,1.1774564569269384e-06,0.008344807536390981,2.289103493639095e-06,1.0,1.0
0.011019350842185013,1.1581026214694556e-06,0.009830499528224195,1.2847009403076554e-05,1.0,1.0
0.014106935370454047,1.0873632321836075e-06,0.006654221955064688,2.024377239272669e-05,1.0,1.0
0.010491862266050153,1.414046710340109e-05,0.011991679577669442,2.5616158143104162e-05,0.375,0.375
0.005290973862762395,1.006352898724577e-06,0.00907050826047899,2.9836206080357186e-05,0.0,0.0
0.005149800226868478,8.093591173096059e-07,0.0039857234693375454,3.351122937626757e-05,0.0,0.0
0.005083702805736199,7.159152153014993e-07,0.0053779214788008305,2.9353469969453702e-05,0.0,0.0
0.005222675714920079,7.289211296324337e-07,0.0064842390499397756,2.2735313610293053e-06,0.0,0.0
0.005214934288087912,8.399835576447192e-07,0.006832996273519202,7.84835483533404e-06,0.0,0.0
0.005128003922292043,0.0005899573557175907,0.007258263664328872,3.139341934133616e-05,0.625,0.625
0.0065977122830890664,9.91780739608261e-07,0.012920491061266026,2.6161182784446803e-06,1.0,1.0
0.008640615529680696,1.0886849714352134e-06,0.012322249165644743,9.016264781068271e-06,1.0,1.0
0.01054593555679617,1.0365148330305875e-06,0.007374909182383021,3.6065059124273085e-05,1.0,1.0
0.010102747975784228,1.0578308910874824e-06,0.01446937271519119,3.005421593689424e-06,1.0,1.0
0.010818974321436001,1.269756893171026e-06,0.013503558799170165,0.0,1.0,1.0
0.010170111750374373,1.2486783530953644e-06,0.013267193212421929,0.0,1.0,1.0
0.007119309766168257,1.2428464571734444e-06,0.011714270887669076,0.0,1.0,1.0
0.0037958367599202777,2.4372457145722103e-06,0.009789785982104683,0.0,1.0,1.0
0.0027177459334007717,1.2512156393374358e-06,0.00916980499636246,0.0,1.0,1.0
0.002582442325449385,1.3740008732782382e-06,0.00859368698721296,0.0,1.0,1.0
0.0024809646194858446,1.4265032016571136e-06,0.008168786556788295,0.0,1.0,1.0
0.0024809646194858446,1.4088773956722517e-06,0.007841313789874287,0.0,1.0,1.0
0.002882537406248412,1.326074829089076e-06,0.007604941091395016,0.0,1.0,1.0
0.004540690631421741,3.786169570988163e-05,0.008047099341087638,0.0,1.0,1.0
0.010046761581251649,1.1799913756109904e-06,0.010357276225237518,0.0,1.0,1.0
0.012842844318541546,1.1566726541144034e-06,0.011588903430486288,0.0,1.0,1.0
0.011488178705150509,1.0993909042415302e-06,0.0056430977729268195,0.0,1.0,1.0
0.01010126501234362,2.2598612564475364e-05,0.011658866803986813,0.0,1.0,1.0
0.005375608272745649,1.0452783551597817e-06,0.009224334700587193,0.0,1.0,1.0
0.00526443230242325,8.405887596176186e-07,0.004165263933842162,0.0,1.0,1.0
0.005144355291111265,7.411234551904723e-07,0.005546017399264791,0.0,1.0,1.0
0.005285362747911819,7.217409901738669e-07,0.006895192667153769,0.0,1.0,1.0
0.005285362747911819,8.719650197228964e-07,0.007305283929662947,0.0,1.0,1.0
0.005259543674315828,0.00033224443058617965,0.007533172926580637,0.0,1.0,1.0
0.0066583989347099234,1.147243505315694e-06,0.01359803735592358,0.0,1.0,1.0
0.009001440492877223,1.1698504066951012e-06,0.012733520732593664,0.0,1.0,1.0
0.01017359959453794,1.2142699868190583e-06,0.007119524648990272,0.0,1.0,1.0
0.009852168087133567,1.2342069895927708e-06,0.014097986722664813,0.0,1.0,1.0
0.010818974321436001,1.3739585790502382e-06,0.013121507259985522,0.0,1.0,1.0
0.009865678632483749,1.2619880130866616e-06,0.01296057802649649,0.0,1.625,1.625
0.006645747138338401,1.2302147132524044e-06,0.011261513607169893,0.0,2.0,2.0
0.0035590554460053496,2.6931385878543047e-06,0.009394554828228286,0.0,2.0,2.0
0.002650094129425078,1.213964438027697e-06,0.008700761609507007,0.0,2.0,2.0
0.002582442325449385,1.2872621372431797e-06,0.008251957929344196,0.0,2.0,2.0
0.0024809646194858446,1.3135003539180386e-06,0.007897926586045058,0.0,2.0,2.0
0.0024809646194858446,1.3080821193489e-06,0.007610227779116808,0.0,2.0,2.0
0.002882537406248412,1.4143103578025537e-05,0.007417868324999673,0.0,2.0,2.0
0.004540690631421741,3.1490630292261507e-06,0.0078223303069284,0.0,2.0,2.0
0.010046761581251649,1.1616048831739709e-06,0.01018149585710376,0.0,2.0,2.0
0.012842844318541546,1.152356469072622e-06,0.011406949745413288,0.0,2.0,2.0
0.011488178705150509,1.1187019499178423e-06,0.005453630554561757,0.0,2.0,2.0
0.01010126501234362,3.19617392732519e-05,0.011438271140022327,0.0,0.75,0.75
0.005375608272745649,1.0857969097847624e-06,0.00896961249896065,0.0,0.0,0.0
0.00526443230242325,9.60328475802578e-07,0.003910396108396712,0.0,0.0,0.0
0.005141910977057556,8.575674096326618e-07,0.005157731638921684,0.0,0.0,0.0
0.005251756510853252,7.512099493217999e-07,0.006547245713985049,0.0,0.0,0.0
0.0052629585898727755,8.094416474193539e-07,0.00698411290664723,0.0,0.0,0.0
0.005259543674315828,0.00021687923911476627,0.0072291152160153015,0.0,0.0,0.0
0.0066583989347099234,2.101833931358863e-06,0.013218237821469352,0.0,0.0,0.0
0.009001440492877223,1.146312194867629e-06,0.012349953665589079,0.0,0.0,0.0
0.01017359959453794,1.1942909786477825e-06,0.006772943805509879,0.0,0.0,0.0
0.009852168087133567,2.599828340008961e-06,0.013591911119905778,0.0,0.0,0.0
0.010818974321436001,1.500316000746629e-06,0.012544281449099854,0.0,0.0,0.0
0.009865678632483749,1.6931118337400268e-06,0.012246715418536072,0.0,1.25,1.25
0.006645747138338401,1.3804684996554967e-06,0.01050054041152221,0.0,2.0,2.0
0.0035590554460053496,3.6261577226718486e-06,0.008627471636998833,0.0,2.0,2.0
0.002650094129425078,1.2528504567515774e-06,0.007970068320805301,0.0,2.0,2.0
0.002582442325449385,1.3660810993456065e-06,0.007533099548761735,0.0,2.0,2.0
0.0024809646194858446,5.036068808947364e-06,0.007174061100131533,0.0,2.0,2.0
0.0024809646194858446,7.2482790904626e-06,0.006805027924408552,0.0,3.25,3.25
0.002882537406248412,1.061913865325025e-05,0.00653250368929555,0.0,4.0,4.0
0.004540690631421741,1.3383214806990499e-05,0.006886714094848335,0.0,4.0,4.0
0.010046761581251649,1.2101141806861992e-06,0.009112287052840826,0.0,4.0,4.0
0.012842844318541546,1.2119057932474786e-06,0.009985198540260596,0.0,4.0,4.0
0.011488178705150509,1.189267536010239e-06,0.004481177548595904,0.0,4.0,4.0
0.010095890077554072,4.984201879261231e-06,0.01018306503306405,0.0,2.75,2.75
0.005370311159967192,1.0801012794241684e-06,0.007766409191770525,0.0,2.0,2.0
0.00526443230242325,1.061744590715071e-06,0.003181147634310881,0.0,2.0,2.0
0.005139466663003845,9.450911017763894e-07,0.004001813506931488,0.0,2.0,2.0
0.005240554431833732,8.888921740248411e-07,0.00522028218235262,0.0,2.0,2.0
0.0052629585898727755,8.72762297416872e-07,0.005633969171321894,0.0,2.0,2.0
0.005259543674315828,1.37044378604855e-06,0.005929779691292994,0.0,2.0,2.0
0.0066583989347099234,1.1683553692436665e-06,0.011542694926828604,0.0,2.0,2.0
0.009001440492877223,1.1372898185230462e-06,0.01085366663285688,0.0,2.0,2.0
0.01017359959453794,1.167693360607982e-06,0.005623461371476008,0.0,2.0,2.0
0.009852168087133567,4.1318630627893596e-06,0.01229390161928453,0.0,2.0,2.0
0.010818974321436001,1.350863144388714e-06,0.011471973899988622,0.0,2.0,2.0
0.009865678632483749,1.0882148450722604e-06,0.011365272004923902,0.0,1.375,1.375
0.006645747138338401,1.173312136288299e-06,0.009796620937813461,0.0,1.0,1.0
0.0035590554460053496,2.785631001513535e-06,0.007996060140004342,0.0,1.0,1.0
0.002650094129425078,1.2060614500121332e-06,0.007367279025246018,0.0,1.0,1.0
0.002582442325449385,4.020717018432065e-06,0.006968731310768582,0.0,1.0,1.0
0.0024809646194858446,6.337972368424463e-06,0.0066080292554836495,0.0,1.0,1.0
0.0024809646194858446,1.0362657110505428e-05,0.006319800353486253,0.0,0.375,0.375
0.002882537406248412,1.413116438399832e-05,0.006097205409532067,0.0,0.0,0.0
0.004540690631421741,1.701924852439706e-05,0.006393547194601627,0.0,0.0,0.0
0.010046761581251649,1.1707085226882901e-06,0.008614449660404287,0.0,0.0,0.0
0.012848445358051307,1.1619460147875203e-06,0.009558114988357952,0.0,0.0,0.0
0.011488178705150509,1.1106500156286965e-06,0.00432804344818063,0.0,0.0,0.0
0.010095890077554072,1.4643419101836186e-05,0.009803759999733272,0.0,1.25,1.25
0.005370311159967192,1.1181205027847567e-06,0.007428381122123925,0.0,2.0,2.0
0.00526443230242325,9.15476332781831e-07,0.0030355070903580863,0.0,2.0,2.0
0.005137022348950134,7.898043901604732e-07,0.0038068015781932956,0.0,2.0,2.0
0.005240554431833732,8.392017740878799e-06,0.0051968884932175495,0.0,2.0,2.0
0.0052629585898727755,6.269193813095533e-07,0.00570316894250829,0.0,2.0,2.0
0.005257099360262118,0.00024369210898110425,0.006042416696941363,0.0,0.75,0.75
0.0066583989347099234,5.94819398359639e-06,0.011910978382852717,0.0,0.0,0.0
0.009001440492877223,1.0894747830495415e-06,0.01135111271909896,0.0,0.0,0.0
0.01017359959453794,1.0577257431308606e-06,0.006112672121503671,0.0,0.0,0.0
0.009852168087133567,4.113720168932673e-06,0.012894267137112026,0.0,0.0,0.0
0.010818974321436001,1.2070172538100227e-06,0.012033822273199747,0.0,0.0,0.0
0.009865678632483749,1.2140063133598665e-06,0.011859262293764923,0.0,0.0,0.0
0.006645747138338401,1.2186583876437626e-06,0.010164731748340716,0.0,0.0,0.0
0.0035590554460053496,3.402010129397718e-06,0.008343476628983899,0.0,0.0,0.0
0.002650094129425078,1.2146147119300251e-06,0.007675553931806854,0.0,0.0,0.0
0.002582442325449385,1.3136986737501188e-06,0.007207326701752803,0.0,0.0,0.0
0.0024809646194858446,7.905209852302219e-06,0.0068533047390044125,0.0,0.0,0.0
0.0024809646194858446,6.140446201736588e-06,0.006509773335508257,0.0,0.0,0.0
0.002882537406248412,9.798791728974246e-06,0.006258876703006725,0.0,0.0,0.0
0.004540690631421741,1.245175917943431e-05,0.006682411653515011,0.0,0.0,0.0
0.01004340095754579,1.1739773557160325e-06,0.008964721692790022,5.605967739524315e-06,0.0,0.0
0.01283141613480181,1.1517254605221363e-06,0.00987677439978021,4.073669890721002e-05,0.0,0.0
0.01157538827361006,1.0479275537807688e-06,0.004655720804698292,8.703264915611499e-05,0.0,0.0
0.010251967087671792,6.148492528209932e-06,0.010372632260164768,8.136439288615151e-05,0.0,0.0
0.005513437199573272,9.326678447897105e-07,0.00838669441357614,0.00014552157923848532,0.0,0.0
0.005389553352300195,6.54696507773774e-07,0.003882972235566071,0.00015098739778452155,0.0,0.0
0.005261747133852681,6.388374565876662e-07,0.005138023451370905,0.00011571651742334773,0.0,0.0
0.0053416973312570715,2.895701703950097e-06,0.006981271308825943,0.00018568210923913315,0.0,0.0
0.0053329395662912605,5.658239704894095e-07,0.007767037040131023,0.00019078976873514416,0.0,0.0
0.005329524650734314,0.0004222572060245403,0.008094271802943346,0.0001884850931088953,1.25,1.25
0.006761456116735456,2.4518125572328965e-05,0.01416433225565964,0.00018401589104988564,2.0,2.0
0.009107178687506034,1.0621557073880623e-06,0.013343972875610694,0.00017526435252318377,2.0,2.0
0.010212187093580606,1.0253843685762702e-06,0.007702770741397184,0.00015248232251506135,2.0,2.0
0.009813453083100152,1.1298277398617303e-06,0.014678155320409348,9.119040856292886e-05,2.0,2.0
0.010816733905632096,1.4378689797072605e-06,0.013446023971418676,6.758305552648758e-06,2.0,2.0
0.009865678632483749,1.3816872602903495e-06,0.013215364353332157,0.0,2.0,2.0
0.006645747138338401,1.3554320295183634e-06,0.0113796749282215,0.0,2.0,2.0
0.0035590554460053496,2.7440119496267556e-06,0.009393011167628279,0.0,2.0,2.0
0.002650094129425078,1.3187340589718336e-06,0.008633486791063008,0.0,2.0,2.0
0.0027177459334007717,1.466846830163734e-06,0.008188704487107035,0.0,2.0,2.0
0.0024809646194858446,1.5014666540632226e-06,0.007766969909346341,0.0,2.0,2.0
0.0024809646194858446,7.78664301996476e-06,0.007428706608154476,0.0,0.75,0.75
0.002882537406248412,9.919543507726898e-06,0.007166722131732689,0.0,0.0,0.0
0.004371561121482508,5.81806089791144e-06,0.007255451134039117,0.0,0.0,0.0
0.008419118935886873,1.1896639391831672e-06,0.008355958809420274,5.5592513416949455e-06,0.0,0.0
0.011019350842185013,1.1613256786774796e-06,0.009805552920570655,2.2237005366779782e-05,0.0,0.0
0.01414831713158648,1.0861710993056361e-06,0.006685083500070574,1.8530837805649817e-06,0.0,0.0
0.010491862266050153,1.1587685477656056e-05,0.011997656674736882,1.4014919348810787e-05,0.625,0.625
0.0052396398267773574,1.0035781464257136e-06,0.00919703442587867,9.053637899331767e-05,1.0,1.0
0.00503671294797925,6.186477703940414e-07,0.004599952376202732,0.0001599102297699311,1.0,1.0
0.004984748226602331,5.303002217002945e-07,0.006100208928964802,8.081936824480887e-05,1.0,1.0
0.005135078858827915,5.723219103610868e-07,0.007331646252222436,2.511784989959089e-05,1.0,1.0
0.005083545454051306,6.315348901675873e-07,0.007919316920198904,7.736235480543554e-05,1.0,1.0
0.005089708425917628,0.0004655827676028831,0.008034620176238894,6.446862900452962e-06,1.0,1.0
0.006473578569202499,2.958289134962243e-06,0.013824388130983821,2.1115811818874918e-05,1.0,1.0
0.00853034079803588,1.0816828270766622e-06,0.013248590421921924,0.00010749443140537873,1.0,1.0
0.010520303916969459,9.807753959480628e-07,0.008075365425027035,0.00011929810792359937,1.0,1.0
0.010030745918236163,3.7977867148255918e-06,0.015364473412818361,8.8216131234459e-05,1.0,1.0
0.010817899334478092,1.2717715149971558e-06,0.01403029071550332,6.711589154819388e-06,1.0,1.0
0.010170111750374373,1.300982702465006e-06,0.013647661822500684,0.0,1.625,1.625
0.007119309766168257,1.3235277847697565e-06,0.01198762156054055,0.0,2.0,2.0
0.0037958367599202777,2.509905184196505e-06,0.009977765552385278,0.0,2.0,2.0
0.0027177459334007717,1.3054076882639094e-06,0.009308165285684315,0.0,2.0,2.0
0.0027177459334007717,1.4428503971286462e-06,0.008771229457446052,0.0,2.0,2.0
0.0024809646194858446,1.4780038459768002e-06,0.008321456127434124,0.0,2.0,2.0
0.0024809646194858446,1.414899504844548e-06,0.007964457956519913,0.0,1.375,1.375
0.002882537406248412,1.3694536622904324e-05,0.007704508849588732,0.0,1.0,1.0
0.004371561121482508,2.4924757041438452e-05,0.007817006175136037,0.0,1.0,1.0
0.008425840183298587,1.1995771866945564e-06,0.008888609718633575,0.0,1.0,1.0
0.011089024678976708,1.177106416092749e-06,0.010395537820352185,0.0,1.0,1.0
0.014190718383967944,1.117836227100564e-06,0.007035823554036905,0.0,1.0,1.0
0.01056514825063381,1.811620897757861e-05,0.01236149808169995,0.0,0.375,0.375
0.005306456716426731,1.0815880771522101e-06,0.009305784159412817,0.0,0.0,0.0
0.00515713316902961,9.281577807741343e-07,0.00409920244795718,0.0,0.0,0.0
0.005054597998391908,7.941823904980291e-07,0.0054700848379702375,0.0,0.0,0.0
0.005180507928571889,6.570949364436503e-07,0.006894160304144356,0.0,0.0,0.0
0.005180507928571889,6.624247299785583e-07,0.0074181188170679094,0.0,0.0,0.0
0.005149800226868478,0.0004941353845364526,0.007619455583597686,0.0,1.25,1.25
0.006554727527398804,1.0217497193871723e-06,0.013418004095366778,0.0,2.0,2.0
0.00860206564086924,1.1009256243926088e-06,0.012721842253585835,0.0,2.0,2.0
0.01058497526527926,1.0940956747053938e-06,0.007447783522587255,0.0,2.0,2.0
0.010094414247935652,1.1623406863894067e-06,0.014607060758233741,0.0,2.0,2.0
0.010818974321436001,1.334507185700716e-06,0.013649393950795362,0.0,2.0,2.0
0.010170111750374373,1.2419048313538656e-06,0.01340227117243221,0.0,2.0,2.0
0.007119309766168257,1.2221387697496018e-06,0.011823458224182001,0.0,2.0,2.0
0.0037958367599202777,2.35295360948139e-06,0.00994655980146206,0.0,2.0,2.0
0.0027177459334007717,1.239689686352544e-06,0.009428463908255011,0.0,2.0,2.0
0.002582442325449385,1.3970877362774864e-06,0.008915896644184388,0.0,2.0,2.0
0.0024809646194858446,1.5071930632388865e-06,0.008498798580201784,0.0,2.0,2.0
0.0024809646194858446,1.6005515649202943e-06,0.008206708865647389,0.0,3.875,3.875
0.002882537406248412,1.4757791665017183e-06,0.007933667414338014,0.0,5.0,5.0
0.004540690631421741,2.683490165131806e-05,0.008274739608468742,0.0,5.0,5.0
0.010046761581251649,1.2192042127704575e-06,0.010610257064213589,0.0,5.0,5.0
0.012854046397561067,1.2034965545981444e-06,0.011769955835721735,0.0,5.0,5.0
0.011493553639940058,1.1754343916066807e-06,0.0056689640406132205,0.0,5.0,5.0
0.010112467091363141,2.8684006265938196e-05,0.011677846631126036,0.0,3.125,3.125
0.005370311159967192,1.1079295045045372e-06,0.009136479075910472,0.0,2.0,2.0
0.00526198798836954,1.0678706269224758e-06,0.003966409148916914,0.0,2.0,2.0
0.005134578034896425,1.0173383697339769e-06,0.005129559687359026,0.0,2.0,2.0
0.005274160668892297,9.953691721664903e-07,0.006428718948134606,0.0,2.0,2.0
0.005285362747911819,1.0257032479673533e-06,0.006810185407628866,0.0,2.0,2.0
0.005254655046208409,7.867620578606895e-05,0.006964730338834632,0.0,2.625,2.625
0.006655954620656212,1.4148962586389118e-05,0.01289946017227126,0.0,3.0,3.0
0.008997850227549602,1.1769056583014375e-06,0.012030925274855383,0.0,3.0,3.0
0.01017359959453794,1.2071076098121024e-06,0.006526906548864751,0.0,3.0,3.0
0.009852168087133567,4.040887409099274e-06,0.013460972816845714,0.0,3.0,3.0
0.010818974321436001,1.260920509382619e-06,0.012584753492957243,0.0,3.0,3.0
0.009865678632483749,1.1213850537534202e-06,0.012460542567390506,0.0,2.375,2.375
0.006645747138338401,1.1894512761620531e-06,0.010782912394874227,0.0,2.0,2.0
0.0035590554460053496,3.2447916655497426e-06,0.008912380460580934,0.0,2.0,2.0
0.002650094129425078,1.2345666915563494e-06,0.008231632277690474,0.0,2.0,2.0
0.002582442325449385,1.3615723531157257e-06,0.0077620449615664906,0.0,2.0,2.0
0.0024809646194858446,4.826764435445484e-06,0.007396752370539567,0.0,2.0,2.0
0.0024809646194858446,5.005820335839269e-06,0.007045188966753608,0.0,0.75,0.75
0.002882537406248412,7.258401186247858e-06,0.006749976771161723,0.0,0.0,0.0
0.004540690631421741,9.808137751667694e-06,0.007119833116483926,0.0,0.0,0.0
0.010040040333839933,1.185812743028076e-06,0.009405896554205187,7.614772846187194e-06,0.0,0.0
0.012787060028164147,1.1474727081121888e-06,0.010354088671521882,3.0459091384748775e-05,0.0,0.0
0.01139714057148657,1.0615048505717417e-06,0.004974217711442631,1.9356160833968677e-05,0.0,0.0
0.010025612535717345,6.911264411591095e-06,0.01097835105499318,6.727161287429178e-05,0.625,0.625
0.005283942911003522,9.669317468014776e-07,0.008819498271641444,2.8123271493280312e-05,1.0,1.0
0.005181524705646934,6.76883481318673e-07,0.004058829090704267,9.0069215015024e-05,1.0,1.0
0.005053526184087324,6.276546255929842e-07,0.005538880111338219,7.5057679179186654e-06,1.0,1.0
0.005210804431430281,5.465697308628822e-07,0.007101268434859474,2.760939111715725e-05,1.0,1.0
0.005188400273391236,5.212481926874944e-07,0.007936087467951073,0.00014589531042112028,1.0,1.0
0.005162581199795245,0.0004174239618911647,0.008631146882740453,0.00018018514642787733,1.625,1.625
0.006590366338135333,1.6206482014269614e-05,0.01485927257067731,0.00015855545423287937,2.0,2.0
0.008935090584833409,1.060435434234045e-06,0.013979506305275093,0.0001302453171482816,2.0,2.0
0.010128674205189897,1.0996478794991052e-06,0.008045270957503566,1.0044025533314398e-05,2.0,2.0
0.009829332830130209,1.3180132199698903e-06,0.014982242251020407,0.0,2.0,2.0
0.010818974321436001,1.6148324063132629e-06,0.013812204875242153,0.0,2.0,2.0
0.009865678632483749,1.3614513747929971e-06,0.013433048057718746,0.0,0.75,0.75
0.006645747138338401,1.3214859679679628e-06,0.011588831644770366,0.0,0.0,0.0
0.0035590554460053496,2.6189232612866546e-06,0.009631871569073788,0.0,0.0,0.0
0.002650094129425078,1.2541946735402546e-06,0.008911337090506668,0.0,0.0,0.0
0.002582442325449385,1.357330483992378e-06,0.008407188037959598,0.0,0.0,0.0
0.0024809646194858446,1.413925228421678e-06,0.00798204044319169,0.0,0.0,0.0
0.0024809646194858446,1.5291597057094256e-06,0.007666711644244431,0.0,0.625,0.625
0.002882537406248412,1.7595881968712263e-05,0.007444215270818348,0.0,1.0,1.0
0.004540690631421741,4.276717689829734e-06,0.007814992037795152,0.0,1.0,1.0
0.010046761581251649,1.1972280343651404e-06,0.010135561109131488,0.0,1.0,1.0
0.012854046397561067,1.1952097316109692e-06,0.011211994956059183,0.0,1.0,1.0
0.011493553639940058,1.1753222276792273e-06,0.005296962522472487,0.0,1.0,1.0
0.01010126501234362,6.035218567107716e-06,0.011179940246291797,0.0,2.25,2.25
0.005365014047188735,1.2114559228504168e-06,0.008628171902349794,0.0,3.0,3.0
0.005259543674315829,1.16883021971361e-06,0.003611639803796063,0.0,3.0,3.0
0.005134578034896425,1.0099281216398295e-06,0.0046193265457031675,0.0,3.0,3.0
0.005251756510853252,1.0871418502098875e-06,0.005954119788915537,0.0,3.0,3.0
0.0052629585898727755,7.953377179920912e-07,0.006399121100664385,0.0,3.0,3.0
0.005254655046208409,0.00015039848781005195,0.006654028304480002,0.0,3.0,3.0
0.006655954620656212,1.4963907044813628e-06,0.012606088490256486,0.0,3.0,3.0
0.008997850227549602,1.1251429314592134e-06,0.011885924903049861,0.0,3.0,3.0
0.01017359959453794,1.151717321100785e-06,0.0064466848157282,0.0,3.0,3.0
0.009852168087133567,4.443534139046436e-06,0.013342500573627984,0.0,3.0,3.0
0.010818974321436001,1.3864987126635611e-06,0.01246753706541221,0.0,3.0,3.0
0.009865678632483749,9.95130445193785e-07,0.01229796045192724,0.0,1.125,1.125
0.006645747138338401,1.1518312981424544e-06,0.010569392401038952,0.0,0.0,0.0
0.0035590554460053496,3.3741480929099285e-06,0.008650210068141888,0.0,0.0,0.0
0.002650094129425078,1.2279500040035726e-06,0.007965100161898442,0.0,0.0,0.0
0.002582442325449385,1.3172940363883134e-06,0.00753888466335135,0.0,0.0,0.0
0.0024809646194858446,5.761589481067687e-06,0.007182218017254893,0.0,0.0,0.0
0.0024809646194858446,5.789043227526318e-06,0.006819486867076243,0.0,0.0,0.0
0.002882537406248412,9.253777842744877e-06,0.006558879768895597,0.0,0.0,0.0
0.004540690631421741,1.22722326260085e-05,0.006844537240789502,0.0,0.0,0.0
0.010040040333839933,1.1943824141785144e-06,0.009072499997834568,8.54910080277458e-06,0.0,0.0
0.012795348535068685,1.1631224098538766e-06,0.010050522983685157,3.419640321109832e-05,0.0,0.0
0.01139958488554028,1.078616160689285e-06,0.004709052576698625,2.2096856173291674e-05,0.0,0.0
0.010141299772682464,5.927939038211707e-06,0.010537976072804019,0.00010240234404197748,0.625,0.625
0.005513437199573272,9.434121049862962e-07,0.008479062808603735,0.00013684790137483244,1.0,1.0
0.005373428547931551,6.127576639641847e-07,0.0038873514434517257,0.00015511401292611583,1.0,1.0
0.005229497525115393,5.449437158928963e-07,0.005414582796467304,0.00016940923066190283,1.0,1.0
0.005328658791646448,1.540412275986983e-06,0.007104687951225403,0.00017696171497765087,1.0,1.0
0.005290737682701368,5.440596025562275e-07,0.007847994680630816,0.0001735669900687167,1.0,1.0
0.005324227537955858,0.0004682071293350379,0.008266136905090411,0.00018711474543923378,2.25,2.25
0.006761456116735456,2.311814474066174e-05,0.014447828506911845,0.0001839224582542269,3.0,3.0
0.009085678948347841,1.0613232677644865e-06,0.013626066700931748,0.00017465703935140198,3.0,3.0
0.010165084982913191,1.0250749022191236e-06,0.007971744707309252,0.0001504423731431789,3.0,3.0
0.009815065563537017,4.021090663887711e-06,0.01502852577783161,8.681463929957793e-05,3.0,3.0
0.010818974321436001,1.3993632751654653e-06,0.013815026626287896,6.400146502623593e-06,3.0,3.0
0.009865678632483749,1.400895220147746e-06,0.013478886349820692,0.0,2.375,2.375
0.006645747138338401,1.3592610655741288e-06,0.011676693141554362,0.0,2.0,2.0
0.0035590554460053496,2.5983976726071905e-06,0.009710666122209841,0.0,2.0,2.0
0.002650094129425078,1.3106783526014186e-06,0.008941235182003331,0.0,2.0,2.0
0.002582442325449385,1.4666122515838754e-06,0.008441124298426621,0.0,2.0,2.0
0.0024809646194858446,1.5064426941141332e-06,0.008050959940169708,0.0,2.0,2.0
0.0024809646194858446,1.247132462339383e-06,0.007718916470162019,0.0,0.75,0.75
0.002882537406248412,1.0075025280679137e-05,0.007465761697025758,0.0,0.0,0.0
0.004540690631421741,4.065724807309835e-06,0.007803944692299568,0.0,0.0,0.0
0.010046761581251649,1.1965580901295356e-06,0.010077945789988373,0.0,0.0,0.0
0.012854046397561067,1.1803496920476723e-06,0.01124371994084582,0.0,0.0,0.0
0.011504755718959578,1.1363425566969868e-06,0.005325675882854259,0.0,0.0,0.0
0.010112467091363141,8.176093317422826e-06,0.01130748456858104,0.0,1.25,1.25
0.005365014047188735,1.0889802442656331e-06,0.00888062542405425,0.0,2.0,2.0
0.005259543674315829,9.287372725962585e-07,0.0038517663336353563,0.0,2.0,2.0
0.005134578034896425,7.296752989480151e-07,0.005088108614245184,0.0,2.0,2.0
0.0052629585898727755,7.261307760093405e-07,0.006482628091893444,0.0,2.0,2.0
0.005274160668892297,6.9465562427317e-07,0.006953284125688028,0.0,2.0,2.0
0.005254655046208409,0.00045480312697020224,0.0072361363247793594,0.0,2.625,2.625
0.006655954620656212,1.668753882313637e-06,0.013382071579272547,0.0,3.0,3.0
0.008997850227549602,1.0846366201505252e-06,0.012725699179095003,0.0,3.0,3.0
0.01017359959453794,1.0777731336331613e-06,0.00718756211944641,0.0,3.0,3.0
0.009855528710839424,1.2134070029383557e-06,0.014231071132161979,0.0,3.0,3.0
0.010818974321436001,1.3377889759106852e-06,0.013310466404729035,0.0,3.0,3.0
0.009865678632483749,1.3984493425576036e-06,0.013105795638889823,0.0,1.125,1.125
0.006645747138338401,1.2766070484215125e-06,0.01141298962959448,0.0,0.0,0.0
0.0035590554460053496,2.5501387444242846e-06,0.009525004715046234,0.0,0.0,0.0
0.002650094129425078,1.2222110213728944e-06,0.008821341434822145,0.0,0.0,0.0
0.0027177459334007717,1.3028681840289366e-06,0.008392757494604938,0.0,0.0,0.0
0.0024809646194858446,1.3421195595949694e-06,0.007983473668461576,0.0,0.0,0.0
0.0024809646194858446,1.329654534156304e-06,0.007689972224323301,0.0,0.625,0.625
0.002882537406248412,1.6383657037613385e-05,0.007472623023549117,0.0,1.0,1.0
0.004371561121482508,2.9461380732035852e-05,0.007617221112257726,0.0,1.0,1.0
0.00842247955959273,1.1806897433540023e-06,0.00872820982798256,2.0555215044922487e-06,1.0,1.0
0.01106953409305265,1.1563810762015867e-06,0.010270619643082297,8.222086017968995e-06,1.0,1.0
0.0142218803069728,1.089983277579313e-06,0.006944456132656551,5.403530015597048e-06,1.0,1.0
0.010491862266050153,5.214402414852898e-06,0.01230607807740372,2.4479392462589507e-05,1.0,1.0
0.005288529548708686,1.0126300008397953e-06,0.009402864138431548,3.035008645648025e-05,1.0,1.0
0.005128611775754651,7.393032923442198e-07,0.004308864191648684,3.4243119608927686e-05,1.0,1.0
0.005067132857606605,6.352871620483355e-07,0.005797206294749643,2.9960783141235503e-05,1.0,1.0
0.0052155421415505205,6.057484668383212e-07,0.006940663023761843,1.0121886196363346e-05,1.0,1.0
0.005162172276182808,6.284679016135642e-07,0.007517472821594099,3.1206553750018684e-05,1.0,1.0
0.00517546882141869,0.0006026399219225355,0.007526869196537959,2.6005461458348902e-06,1.625,1.625
0.006570618865734174,6.065630131469089e-06,0.013282080716216185,8.54910080277458e-06,2.0,2.0
0.00853930599815305,1.0912614530526993e-06,0.012887821589449108,4.353968277697218e-05,2.0,2.0
0.010534448836421456,1.0199078902291379e-06,0.007739834525056396,5.4751618256020806e-05,2.0,2.0
0.010040274343248227,1.039072200256495e-06,0.015080219335873161,6.122962542169335e-05,2.0,2.0
0.010818974321436001,1.2142901590905721e-06,0.014026302671937418,4.842933241644616e-06,2.0,2.0
0.010170111750374373,1.1760496560046203e-06,0.013760001882709894,0.0,2.625,2.625
0.007119309766168257,1.2551920392837868e-06,0.012126038102762318,0.0,3.0,3.0
0.0037958367599202777,2.254729372773961e-06,0.010187436120518244,0.0,3.0,3.0
0.0027177459334007717,1.2580010552597363e-06,0.009619052502163009,0.0,3.0,3.0
0.0027177459334007717,1.3888721918412407e-06,0.009149933663604,0.0,3.0,3.0
0.0024809646194858446,1.4513848425673618e-06,0.008720559376753487,0.0,3.0,3.0
0.0024809646194858446,1.7136753602724583e-06,0.008319422286614043,0.0,1.125,1.125
0.002882537406248412,1.3817882004851547e-06,0.008026052526986004,0.0,0.0,0.0
0.004371561121482508,1.2455066727896124e-06,0.008138405457212328,0.0,0.0,0.0
0.008425840183298587,1.1923867082961942e-06,0.009263636973790247,0.0,0.0,0.0
0.011091712146371481,1.180050342087267e-06,0.010766670584816028,0.0,0.0,0.0
0.014207295397777016,1.1242467951639225e-06,0.0074092367501892705,0.0,0.0,0.0
0.01056514825063381,1.0908447766668792e-06,0.012774491000352863,0.0,0.0,0.0
0.0053011596036482735,1.0836823760759063e-06,0.009717271559036357,0.0,0.0,0.0
0.005154688854975899,9.282763150654384e-07,0.004438984111811876,0.0,0.0,0.0
0.005054597998391908,7.946046650789901e-07,0.005842751426805754,0.0,0.0,0.0
0.005169305849552367,6.616995871680267e-07,0.007218819671543598,0.0,0.0,0.0
0.005180507928571889,6.681015909912404e-07,0.007734261946564692,0.0,0.0,0.0
0.005149800226868478,0.0004995650095973686,0.007907557493652614,0.0,0.0,0.0
0.006552283213345093,3.0642177860865093e-06,0.01378314101107192,0.0,0.0,0.0
0.00860206564086924,1.104399502035684e-06,0.013079800927952249,0.0,0.0,0.0
0.01058497526527926,1.0924135956305413e-06,0.007658722782960906,0.0,0.0,0.0
0.01009777487164151,1.1414636476019568e-06,0.014790458354891622,0.0,0.0,0.0
0.010821214737239905,1.3145482657512832e-06,0.01384989424899489,0.0,0.0,0.0
0.010170111750374373,1.1879888042221201e-06,0.013643090410127387,0.0,0.625,0.625
0.007119309766168257,1.2605575970483157e-06,0.012077215389640641,0.0,1.0,1.0
0.0037958367599202777,2.2913803611717546e-06,0.010123526146571391,0.0,1.0,1.0
0.0027177459334007717,1.2957200392893972e-06,0.009512220154542875,0.0,1.0,1.0
0.002582442325449385,1.4568675717195686e-06,0.008958602048143284,0.0,1.0,1.0
0.0024809646194858446,1.5283194297746998e-06,0.0085245516759162,0.0,1.0,1.0
0.0024809646194858446,1.6165500077182358e-06,0.008203642947269168,0.0,1.625,1.625
0.002882537406248412,1.3812455667894384e-06,0.007948766463214445,0.0,2.0,2.0
0.004540690631421741,1.3282793857836678e-05,0.00829831666495312,0.0,2.0,2.0
0.0100283459822855,1.1984573509608078e-06,0.010634991958971373,1.1865965048659799e-05,2.0,2.0
0.01273798637449381,1.1488883641054322e-06,0.012030526340179832,4.7463860194639195e-05,2.0,2.0
0.01143510540520104,1.0392473295834907e-06,0.0059294287975629805,3.9553216828866e-06,2.0,2.0
0.010044478219557942,1.8197499286824198e-05,0.012055338329272677,0.0,2.0,2.0
0.005343626227283336,1.046564714398795e-06,0.009635613516199576,0.0,2.0,2.0
0.005193955391794951,8.5524261759634e-07,0.004464769269705355,0.0,2.0,2.0
0.0050465463430776365,6.992634664363428e-07,0.006058794415737691,3.237446369575292e-05,2.0,2.0
0.005140337148329667,5.376503119011667e-07,0.008519292048199439,0.0001294978547830117,2.0,2.0
0.005195733215552366,5.462118241752167e-07,0.008725174617833108,1.0791487898584305e-05,2.0,2.0
0.0051833611662380355,0.00040601318538870974,0.008649127735743771,0.0,1.375,1.375
0.00659321913686008,1.062068134610999e-06,0.014803602319562443,0.0,1.0,1.0
0.008961085008200075,1.1027416982266488e-06,0.013982917318422322,0.0,1.0,1.0
0.010145761965074367,1.0966990683764384e-06,0.008174326296137307,0.0,1.0,1.0
0.009840473735579135,1.1815641012368602e-06,0.015295517458812283,0.0,1.0,1.0
0.010817899334478092,1.3928536890791902e-06,0.01431389855699783,0.0,1.0,1.0
0.009865678632483749,1.2824763268658355e-06,0.014020253590351157,0.0,1.625,1.625
0.006645747138338401,1.3189012944716828e-06,0.012224793253992006,0.0,2.0,2.0
0.0035590554460053496,2.368670192672704e-06,0.01025129288685814,0.0,2.0,2.0
0.002650094129425078,1.2853939422971068e-06,0.009511425899810947,0.0,2.0,2.0
0.002582442325449385,1.3903035181219597e-06,0.00899995993604064,0.0,2.0,2.0
0.0024809646194858446,1.4112766090735012e-06,0.008586607828808091,0.0,2.0,2.0
0.0024809646194858446,1.31122421177266e-06,0.008219212207402302,0.0,0.75,0.75
0.002882537406248412,1.2961325418124934e-06,0.007943203336472067,0.0,0.0,0.0
0.004540690631421741,1.2416716511846362e-05,0.008341197849739785,0.0,0.0,0.0
0.01004340095754579,1.1821178493750994e-06,0.010674645915712098,5.325669352548099e-06,0.0,0.0
0.012775407360652205,1.1543420534043533e-06,0.012008176183512471,4.9379232505643335e-05,0.0,0.0
0.011271757053433083,1.0028619430924406e-06,0.006254651555725117,0.00012697516930022573,0.0,0.0
0.010023289768444115,1.956239337638499e-05,0.012553752560033335,6.093375490210734e-05,1.25,1.25
0.005311036328358415,1.0108451339473122e-06,0.010004579542703153,4.297908600301975e-06,2.0,2.0
0.005186821818425391,8.577313704563648e-07,0.004721058655704692,1.9200439507870777e-05,2.0,2.0
0.005053526184087324,6.811134837703843e-07,0.0064104059609610175,7.680175803148311e-05,2.0,2.0
0.005206935294571889,6.276514249419467e-07,0.007887446976014127,6.400146502623593e-06,2.0,2.0
0.005190844587444946,6.068133492781443e-07,0.008365846647303382,0.0,2.0,2.0
0.005154761950951987,0.00040659951144321466,0.008662887955061626,2.2750885742902842e-05,1.375,1.375
0.006537492406977436,9.994216520311785e-07,0.015162868691584258,0.0001145486074776135,1.0,1.0
0.008917160184599073,1.0502775555719911e-06,0.014488154433978459,0.00010176388660497609,1.0,1.0
0.010131617045622371,1.0270075330697995e-06,0.008570162006538677,7.84835483533404e-06,1.0,1.0
0.00984383435928499,1.2115199824476383e-06,0.015628239103621808,0.0,1.0,1.0
0.010818974321436001,1.5087645447165634e-06,0.01447057513511859,0.0,1.0,1.0
0.009865678632483749,1.3042750951236417e-06,0.014202850094899386,0.0,1.625,1.625
0.006645747138338401,1.3168919415590309e-06,0.01240213186112898,0.0,2.0,2.0
0.0035590554460053496,2.312470809462973e-06,0.010467918907815999,0.0,2.0,2.0
0.002650094129425078,1.2789140502819642e-06,0.00972066434780939,0.0,2.0,2.0
0.002582442325449385,1.4018488915940444e-06,0.009192189258520693,0.0,2.0,2.0
0.0024809646194858446,1.4547087354069683e-06,0.008774984006148609,0.0,2.0,2.0
0.0024809646194858446,1.4820574884516084e-06,0.00838685788257657,0.0,0.75,0.75
0.002882537406248412,1.3488223691164993e-06,0.008085123649638853,0.0,0.0,0.0
0.004540690631421741,1.2455777566961465e-06,0.008457970456802332,0.0,0.0,0.0
0.01004340095754579,1.1921633422677713e-06,0.010811722154292719,6.446862900452962e-06,0.0,0.0
0.01277608405386484,1.167218696489434e-06,0.012118209920127623,2.5787451601811846e-05,0.0,0.0
0.011445777452769045,1.1006328949805664e-06,0.006050366298969223,2.1489543001509873e-06,0.0,0.0
0.010049775332336398,2.1096383775984746e-05,0.012259210423068696,0.0,0.625,0.625
0.005354828306302858,1.05811815975162e-06,0.0098638963299845,0.0,1.0,1.0
0.005199252504573406,8.779235579721387e-07,0.0046573182498708164,0.0,1.0,1.0
0.005070935540050489,7.509299329738288e-07,0.0061455592382158525,0.0,1.0,1.0
0.005215085206075092,6.192089032697372e-07,0.007733005316138817,2.6534913967081756e-05,1.0,1.0
0.005151009195897673,5.287751047386225e-07,0.008913938104204301,0.00010613965586832702,1.0,1.0
0.0051493870161624395,0.00039345282655163895,0.009080585493565954,3.6921526417811524e-05,1.625,1.625
0.00652486235203785,9.547285689970906e-07,0.01582054755012129,0.00014136381983167144,2.0,2.0
0.008884868723054253,1.0108893353878588e-06,0.015280153965432397,0.00015525416211960394,2.0,2.0
0.01008909448231391,8.946692606758628e-07,0.009418888785427921,0.0001283455169698872,2.0,2.0
0.009830945310567073,1.0996703619256624e-06,0.01634276981232471,9.8883042072165e-06,2.0,2.0
0.010818974321436001,1.6021954881063876e-06,0.014998063814980353,0.0,2.0,2.0
0.009865678632483749,1.4097531883893794e-06,0.014645865168004991,0.0,2.0,2.0
0.006645747138338401,1.331473777180144e-06,0.012757585725544474,0.0,2.0,2.0
0.0035590554460053496,2.2947190489510006e-06,0.01073082039758875,0.0,2.0,2.0
0.002650094129425078,1.3750852871162054e-06,0.009921992382772152,0.0,2.0,2.0
0.002582442325449385,1.681540392640801e-06,0.00932466004626787,0.0,2.0,2.0
0.0024809646194858446,1.8475946391965388e-06,0.00876807931932552,0.0,2.0,2.0
0.0024809646194858446,1.9876556687556624e-06,0.008290309087259074,0.0,2.625,2.625
0.002882537406248412,1.5443072629604232e-06,0.007941451898192354,0.0,3.0,3.0
0.004540690631421741,1.06187886841496e-05,0.008279602274307825,0.0,3.0,3.0
0.010038427853403071,1.2373236680306606e-06,0.010533767676756687,6.493579298282331e-06,3.0,3.0
0.012744264107216206,1.1644084108725386e-06,0.01171881677045438,3.830744622008281e-05,3.0,3.0
0.011221813743011025,9.814595246447576e-07,0.006036472876418385,6.770763258736589e-05,3.0,3.0
0.00989211967781466,9.450971890917645e-06,0.012691808423213317,6.895340319614906e-05,1.75,1.75
0.005346070541337047,9.569731702667186e-07,0.009981026859167538,5.403530015597048e-06,1.0,1.0
0.00526198798836954,8.76480399633517e-07,0.004474667442673065,0.0,1.0,1.0
0.005134578034896425,8.79315229068649e-07,0.0057721224286621355,0.0,1.0,1.0
0.005285362747911819,7.987598316452648e-07,0.0071580432238813165,0.0,1.0,1.0
0.005285362747911819,8.164873087835367e-07,0.00761923063008901,0.0,1.0,1.0
0.005254655046208409,0.00038990607926661587,0.007865091896662237,0.0,1.625,1.625
0.0066583989347099234,1.7659170945493226e-05,0.014015102543338815,0.0,2.0,2.0
0.008955710073410526,1.1272049848998877e-06,0.013344148482793855,2.9618196223820128e-05,2.0,2.0
0.010063630410572432,1.0064133211052828e-06,0.00833900558440466,0.00011847278489528051,2.0,2.0
0.009850973389970083,9.754663272917037e-07,0.015302226913717713,9.87273207460671e-06,2.0,2.0
0.010821214737239905,1.3259786445307059e-06,0.014036659582913648,0.0,2.0,2.0
0.009865678632483749,1.362912331347688e-06,0.013714629229586566,0.0,0.75,0.75
0.006645747138338401,1.31298825595892e-06,0.011907670096513811,0.0,0.0,0.0
0.0035590554460053496,2.531749254753176e-06,0.009946246813871237,0.0,0.0,0.0
0.002650094129425078,1.2585707015746691e-06,0.009186909296011228,0.0,0.0,0.0
0.002582442325449385,1.3604921201506494e-06,0.008692814908413104,0.0,0.0,0.0
0.0024809646194858446,1.3845897270300328e-06,0.008305205325524789,0.0,0.0,0.0
0.0024809646194858446,1.3866355494435944e-06,0.007960562869640942,0.0,0.0,0.0
0.002882537406248412,1.29256729607317e-05,0.007672919384502872,0.0,0.0,0.0
0.004540690631421741,2.2987590525323284e-05,0.008049837489356504,0.0,0.0,0.0
0.01004340095754579,1.1977385905166706e-06,0.01035022906433072,5.746116933012423e-06,0.0,0.0
0.012806550614088206,1.172179374552357e-06,0.01162320348299207,3.821401342442408e-05,0.0,0.0
0.0114819430762495,1.0727088824301063e-06,0.005743719455168338,8.292160614713048e-05,0.0,0.0
0.010087365778621536,1.3240636266316429e-05,0.012037233443388992,0.00010948766437943182,0.625,0.625
0.0053626475551461165,9.331817003577352e-07,0.009872382678654281,0.00013030760567872074,1.0,1.0
0.005244060820651496,6.54003234854437e-07,0.004909709396538571,0.00013943287538805755,1.0,1.0
0.005055970498141034,6.179689452369378e-07,0.006577979171515641,9.676523203723358e-05,1.0,1.0
0.005222006510449803,6.291329561841579e-07,0.008076004887503865,3.192287185006901e-05,1.0,1.0
0.005188400273391236,6.351136270861206e-07,0.008761730890393763,0.00012389188704348735,1.0,1.0
0.005165025513848957,0.0004518456067465636,0.00917445056651386,0.00010986139556206678,1.625,1.625
0.006555905881377608,5.988067880544303e-06,0.015389297362913083,3.547331808510108e-05,2.0,2.0
0.008953904477544834,1.08876374707296e-06,0.014603692650371213,0.0001375330752096632,2.0,2.0
0.01014822332774893,1.0189769439686936e-06,0.00887926908973765,0.00014377750038618888,2.0,2.0
0.009808751304621686,1.075631149838125e-06,0.016127443244315552,7.655260390972647e-05,2.0,2.0
0.010818974321436001,1.4014336701728104e-06,0.014761073373651498,5.5592513416949455e-06,2.0,2.0
0.009865678632483749,1.3308962763413336e-06,0.014417055724992545,0.0,2.625,2.625
0.006645747138338401,1.3521445896316278e-06,0.012578717949399097,0.0,3.0,3.0
0.0035590554460053496,2.3847741731747745e-06,0.010566525055540489,0.0,3.0,3.0
0.002650094129425078,1.3259102312107484e-06,0.009794980330156442,0.0,3.0,3.0
0.0027177459334007717,1.497922167028622e-06,0.009277425703818168,0.0,3.0,3.0
0.0024809646194858446,1.563655459758317e-06,0.008787927030015909,0.0,3.0,3.0
0.0024809646194858446,1.3899955831275388e-06,0.008377659568891528,0.0,1.125,1.125
0.002882537406248412,1.3483772212153953e-06,0.00805745803152045,0.0,0.0,0.0
0.004371561121482508,1.7918788058947234e-05,0.00812149588161684,0.0,0.0,0.0
0.00842247955959273,1.2122154996794132e-06,0.009198176649195096,5.138803761230622e-06,0.0,0.0
0.011033240388599309,1.1908922328638898e-06,0.010752406430836442,2.0555215044922488e-05,0.0,0.0
0.014112718789914632,1.1191329020563969e-06,0.007364645952534583,1.5167257161935229e-05,0.0,0.0
0.010481268040493243,6.170936114935325e-06,0.012947714047943551,8.133324862093192e-05,1.25,1.25
0.005236587659261039,9.344583187654631e-07,0.010307793331729962,0.0001329081518245556,2.0,2.0
0.005060170694509027,6.108036555817e-07,0.005138213701021338,0.00011704014869517986,2.0,2.0
0.0049623440685632875,4.960250534873845e-07,0.007103491648061861,0.00016546948111162603,2.0,2.0
0.005094747533070827,5.313012333582431e-07,0.008568564092446808,9.799543051340697e-05,2.0,2.0
0.00510594961209035,6.608840655008566e-07,0.008850271678903876,3.0661529108676045e-05,2.0,2.0
0.005052837752347895,0.0004268647149087274,0.00905268829831352,9.380652684137352e-05,2.0,2.0
0.0064736563912135905,1.032680441616177e-06,0.01492348886379069,7.81721057011446e-06,2.0,2.0
0.00853930599815305,1.1161784361217626e-06,0.014138865698580663,2.7702823912815987e-05,2.0,2.0
0.010534448836421456,1.0860214973543986e-06,0.008822424378410024,0.00011081129565126395,2.0,2.0
0.010074803951806021,1.1474289030662167e-06,0.01599508274449402,9.234274637605328e-06,2.0,2.0
0.010818974321436001,1.5020462801907897e-06,0.014744298761422211,0.0,2.0,2.0
0.010170111750374373,1.333428537030828e-06,0.01441439026371864,0.0,2.625,2.625
0.007119309766168257,1.355078165318169e-06,0.012719603190511436,0.0,3.0,3.0
0.0037958367599202777,2.416361149501762e-06,0.01065200176538588,0.0,3.0,3.0
0.0027177459334007717,1.3364970479459848e-06,0.009950793801053584,0.0,3.0,3.0
0.0027177459334007717,1.5087552934586349e-06,0.00938288286859965,0.0,3.0,3.0
0.0024809646194858446,1.5600175251924567e-06,0.008896390373736143,0.0,3.0,3.0
0.0024809646194858446,1.4125927307815665e-06,0.008469854325282753,0.0,1.75,1.75
0.002882537406248412,1.383524990939754e-06,0.008136105464380773,0.0,1.0,1.0
0.004371561121482508,1.765311922433115e-05,0.008196530281469232,0.0,1.0,1.0
0.00842247955959273,1.2144172960512114e-06,0.009269980382366707,4.905221772083775e-06,1.0,1.0
0.011041528895503845,1.188783490458764e-06,0.010828643342419673,3.2748194878387874e-05,1.0,1.0
0.014163017113150444,1.0815731991241327e-06,0.007463537240411658,6.72248964764624e-05,1.0,1.0
0.010492017910072336,5.085695968829481e-06,0.012997613969957062,7.762708105980197e-05,1.0,1.0
0.005304168046395203,9.834373851653804e-07,0.010105435334209722,0.00011190134493394924,1.0,1.0
0.005149800226868478,6.837083651028058e-07,0.005026569213561645,0.0001285323825612047,1.0,1.0
0.005010256023113197,5.78082985464015e-07,0.006796091375699616,0.00013407606177028985,1.0,1.0
0.005083545454051306,5.36044674950413e-07,0.008459464904417915,0.00012273954923036292,1.0,1.0
0.005083545454051306,6.052173231525e-07,0.009147180737935535,0.0001480286925886615,1.0,1.0
0.005057726380455315,0.0004273621462515115,0.0093048854252676,0.00010140572755495093,2.25,2.25
0.006478953503992047,2.5170679331051854e-06,0.01504388058086917,7.630344978796983e-06,3.0,3.0
0.008550508077172572,1.1327426706170378e-06,0.014161982881253246,0.0,3.0,3.0
0.010551536596305932,1.1859385013706603e-06,0.00857247922148952,1.569670967066808e-05,3.0,3.0
0.01004966710542816,1.259776633339042e-06,0.01585849251283466,6.278683868267232e-05,3.0,3.0
0.010818974321436001,1.4489796065775062e-06,0.014602366327364181,5.2322365568893606e-06,3.0,3.0
0.010170111750374373,1.4056808206845176e-06,0.014203886189627165,0.0,2.375,2.375
0.007119309766168257,1.3506167473350124e-06,0.012486111450902357,0.0,2.0,2.0
0.0037958367599202777,2.419020170598124e-06,0.010455288130075239,0.0,2.0,2.0
0.0027177459334007717,1.3130834026701565e-06,0.009758607988716651,0.0,2.0,2.0
0.002582442325449385,1.4757104721642553e-06,0.009155206628352532,0.0,2.0,2.0
0.0024809646194858446,1.5394181573109462e-06,0.00870707938023306,0.0,2.0,2.0
0.0024809646194858446,1.4464120950694573e-06,0.008303809393482272,0.0,1.375,1.375
0.002882537406248412,1.4135564965408647e-06,0.007980908003957883,0.0,1.0,1.0
0.004540690631421741,2.287858282006751e-05,0.008339228105448902,0.0,1.0,1.0
0.01004340095754579,1.2196366488201133e-06,0.010592843808662118,5.5592513416949455e-06,1.0,1.0
0.012789973600279137,1.1879773807078112e-06,0.011825081590532478,2.2237005366779782e-05,1.0,1.0
0.011448221766822754,1.1146204495657298e-06,0.00577340579061418,1.8530837805649817e-06,1.0,1.0
0.010049775332336398,6.90398356038792e-06,0.011928754341685409,0.0,0.375,0.375
0.0053140884958747334,1.0502552681632051e-06,0.00969877147182635,2.0742080636239963e-05,0.0,0.0
0.005141567767319181,7.402101884253869e-07,0.004969281772189731,8.296832254495985e-05,0.0,0.0
0.00507498476032434,6.248981675617674e-07,0.006511221524945025,6.914026878746655e-06,0.0,0.0
0.005219365980719905,5.688417204896911e-07,0.007987341211378693,0.0,0.0,0.0
0.005187913966709108,6.028859120782473e-07,0.008584101994303131,2.6581630364911123e-05,0.0,0.0
0.0051150043814158054,0.00040146617460613723,0.009479901584158944,0.00013360889779199617,1.875,1.875
0.006530159464816307,9.380650930750198e-07,0.016124834107649155,0.00014634690226680418,3.0,3.0
0.008895639519037114,1.0457218083122938e-06,0.015252988289653137,0.00012252153937382585,3.0,3.0
0.010131617045622371,1.0697593242059935e-06,0.009013383265400703,2.4681830186516774e-05,3.0,3.0
0.009801388806151997,1.235284046024803e-06,0.016244648741537544,6.091818276949755e-05,3.0,3.0
0.010818974321436001,1.4610083621729545e-06,0.014935209369463161,5.0765152307914625e-06,3.0,3.0
0.009865678632483749,1.4291027705800322e-06,0.014510042577273074,0.0,2.375,2.375
0.006645747138338401,1.3688944760704236e-06,0.01265295325248783,0.0,2.0,2.0
0.0035590554460053496,2.3212171910402033e-06,0.010663803472885813,0.0,2.0,2.0
0.002650094129425078,1.3032934329193462e-06,0.009880319703028474,0.0,2.0,2.0
0.002582442325449385,1.4393285067587069e-06,0.009374448061285158,0.0,2.0,2.0
0.0024809646194858446,1.4813682459505836e-06,0.008946317181963074,0.0,2.0,2.0
0.0024809646194858446,1.4825806358187454e-06,0.008574389455389908,0.0,2.0,2.0
0.002882537406248412,1.4008117581225943e-06,0.00829398008790546,0.0,2.0,2.0
0.004540690631421741,1.2830898099111064e-06,0.008644680725735687,0.0,2.0,2.0
0.01004340095754579,1.2072446872952137e-06,0.01098498209498788,2.3825362892978336e-06,2.0,2.0
0.012834555811637012,1.1763235036538754e-06,0.012224495633063867,9.530145157191334e-06,2.0,2.0
0.011540276238620337,1.1195903872697527e-06,0.006093220155670273,7.941787630992779e-07,2.0,2.0
0.010106309284473225,1.857387217275287e-05,0.012205203310018254,8.035220426651517e-06,2.0,2.0
0.0052951449900230435,1.0738939343093907e-06,0.009930326925335142,4.134401207899182e-05,2.0,2.0
0.005160136885741535,8.768586979349996e-07,0.004796772736502415,4.9628386627399976e-05,2.0,2.0
0.0050790339805981905,7.842135155971846e-07,0.00631330781982436,4.3617543440021125e-05,2.0,2.0
0.005303897769092472,8.423556478407678e-07,0.00739866017922266,3.379152776324379e-06,2.0,2.0
0.005284954263240783,9.645214660657854e-07,0.0076666009078030055,1.1772532253001061e-05,2.0,2.0
0.005160059063730444,0.00029425311921012513,0.008149111902014092,4.7090129012004243e-05,2.0,2.0
0.00664230822758298,9.63043784914805e-06,0.014232577810439696,1.6490888433767357e-05,2.0,2.0
0.008917160184599073,1.0823294151110556e-06,0.013602301110530261,6.437519620887088e-05,2.0,2.0
0.01011158644530542,9.89721553584806e-07,0.00807749454386599,7.538469396399224e-05,2.0,2.0
0.009801388806151997,1.0239449085405592e-06,0.01535319747662771,6.37523109044793e-05,2.0,2.0
0.010818974321436001,1.2745267818851542e-06,0.014188105879446074,4.920793904693565e-06,2.0,2.0
0.009865678632483749,1.370427915794888e-06,0.013925601969526873,0.0,0.75,0.75
0.006645747138338401,1.3193094176091454e-06,0.012109331242918318,0.0,0.0,0.0
0.0035590554460053496,2.438868195313622e-06,0.010122957357174934,0.0,0.0,0.0
0.002650094129425078,1.2737859402642525e-06,0.009344833444791985,0.0,0.0,0.0
0.002582442325449385,1.3962534437575626e-06,0.00880084042376943,0.0,0.0,0.0
0.0024809646194858446,1.4363094466100078e-06,0.008376755845259883,0.0,0.0,0.0
0.0024809646194858446,1.405673126141204e-06,0.008048887806933873,0.0,0.0,0.0
0.002882537406248412,1.3338392705889378e-06,0.007785546291090981,0.0,0.0,0.0
0.004540690631421741,2.9214896112600524e-05,0.008163531694476946,0.0,0.0,0.0
0.010046761581251649,1.1924519928132687e-06,0.010479933467135435,1.7752231175160329e-06,0.0,0.0
0.012842844318541546,1.1713905323708123e-06,0.011735049949311807,7.1008924700641315e-06,0.0,0.0
0.011519340628155366,1.1178281789930331e-06,0.005756637654696277,5.6838284025732634e-06,0.0,0.0
0.01003388399400103,2.3478447263783997e-05,0.011934643078906643,2.6488197569252385e-05,0.0,0.0
0.005354828306302858,1.0443593560393784e-06,0.009619354626212119,2.617675491705659e-05,0.0,0.0
0.005267285101147995,8.765620939763204e-07,0.004339426051092976,9.748155013728391e-06,0.0,0.0
0.005136363024532023,7.487114425182007e-07,0.005938422626217409,3.0832822567383726e-05,0.0,0.0
0.005303897769092472,6.876014727590641e-07,0.007239771416249965,1.1258651876878e-05,0.0,0.0
0.005239933678167847,6.810516897745585e-07,0.007910242803197484,3.4756999985050756e-05,0.0,0.0
0.005254246561537372,0.00043652624454263984,0.0079773170960399,1.2099547037806645e-05,1.875,1.875
0.006555905881377608,1.0240788389554891e-06,0.014332122627151899,4.6389383044563705e-05,3.0,3.0
0.008931952528946215,1.09723178366089e-06,0.013668424636216195,4.13751563442114e-05,3.0,3.0
0.010167998555028179,1.1130200736366417e-06,0.007821169323358915,1.7394072125135166e-05,3.0,3.0
0.009804613767025726,1.191318030398683e-06,0.01506123910196241,5.680713976051305e-05,3.0,3.0
0.010818974321436001,1.3474487978987211e-06,0.013978308584568472,4.733928313376088e-06,3.0,3.0
0.009865678632483749,1.3840148639645133e-06,0.013736928626803762,0.0,1.75,1.75
0.006645747138338401,1.307454713357272e-06,0.011989915155581243,0.0,1.0,1.0
0.0035590554460053496,2.3598678164299414e-06,0.010047383886799521,0.0,1.0,1.0
0.002650094129425078,1.2574070137741245e-06,0.009282850809583127,0.0,1.0,1.0
0.002582442325449385,1.365631053125639e-06,0.008821046482399494,0.0,1.0,1.0
0.0024809646194858446,1.3998958829993399e-06,0.00845835863240977,0.0,1.0,1.0
0.0024809646194858446,1.433454151307371e-06,0.00814076106606169,0.0,1.625,1.625
0.002882537406248412,1.4660314936891615e-06,0.007877942913070542,0.0,2.0,2.0
0.004540690631421741,1.3551482430205332e-05,0.008204562147987014,0.0,2.0,2.0
0.010046761581251649,1.2441909029882843e-06,0.010468091634917059,1.7285067196866637e-06,2.0,2.0
0.012837243279031785,1.2123250471493793e-06,0.011634581035300172,1.0651338705096198e-05,2.0,2.0
0.011443410960726427,1.1444672070877638e-06,0.005650510958822862,2.0570787177532276e-05,2.0,2.0
0.010039788960242095,2.2527017896115297e-05,0.011743692629865288,2.1427254471070714e-05,2.0,2.0
0.005412222952551144,1.0944581735825724e-06,0.009186771098328791,8.642533598433318e-06,2.0,2.0
0.00521024231459808,9.549373882109439e-07,0.004186881020643324,3.555117874815003e-05,2.0,2.0
0.005110195903603047,8.24075346265233e-07,0.005589121114580695,3.315307032624241e-05,2.0,2.0
0.005285970601374428,7.94751766073138e-07,0.006750602579559152,1.1258651876878e-05,2.0,2.0
0.0052332085894693245,7.435057537621353e-07,0.007370220617825707,3.4756999985050756e-05,2.0,2.0
0.00526198798836954,0.00033711306136034155,0.007403739759098898,2.896416665420896e-06,2.0,2.0
0.00666125173343467,2.665156130763106e-05,0.013476978441222545,9.623577952850072e-06,2.0,2.0
0.00893911213319769,1.0724158579390168e-06,0.01295047607146037,4.9285799709984594e-05,2.0,2.0
0.010122788524324943,9.539976814753704e-07,0.007501147567168614,5.9874849884641636e-05,2.0,2.0
0.009821416885555009,1.0575749141560335e-06,0.014722794380980177,5.760131852361233e-05,2.0,2.0
0.010818974321436001,1.216415343370844e-06,0.01364278784786451,4.500346324229241e-06,2.0,2.0
0.009865678632483749,1.3450862472331478e-06,0.013403686470782975,0.0,0.75,0.75
0.006645747138338401,1.3069790660774752e-06,0.011626978898945655,0.0,0.0,0.0
0.0035590554460053496,2.542742632348035e-06,0.009685297330263194,0.0,0.0,0.0
0.002650094129425078,1.2668437383487111e-06,0.008929603842860543,0.0,0.0,0.0
0.002582442325449385,1.3875890122883675e-06,0.008415622410846094,0.0,0.0,0.0
0.0024809646194858446,1.4110799496447955e-06,0.008049005754356436,0.0,0.0,0.0
0.0024809646194858446,1.4398233884225997e-06,0.007789850847851059,0.0,0.625,0.625
0.002882537406248412,1.3517426679885247e-05,0.007578807329273168,0.0,1.0,1.0
0.004540690631421741,6.7376518311913525e-06,0.007942717452027114,0.0,1.0,1.0
0.01004340095754579,1.1838536296890645e-06,0.010301709361058222,7.614772846187194e-06,1.0,1.0
0.012809464186203193,1.1433857711940195e-06,0.011622427389503084,3.0459091384748775e-05,1.0,1.0
0.011383693547204912,1.0343853612686942e-06,0.005695101832758202,2.5522725347445424e-05,1.0,1.0
0.009942218632258902,1.6368084539307253e-05,0.012185871325727925,9.193787092819877e-05,1.625,1.625
0.005268051572668152,9.176744770714815e-07,0.00989122009676067,7.661489244016564e-06,2.0,2.0
0.005157692571687826,6.84020550202048e-07,0.0047210650741613515,0.0,2.0,2.0
0.005027532080894331,6.26713045163343e-07,0.006497022309678618,3.6111775522102456e-05,2.0,2.0
0.005145712083119216,5.428638683623609e-07,0.008947461660790674,0.00014444710208840982,2.0,2.0
0.005177728225823232,5.7749933823626e-07,0.009242640984794947,1.2037258507367486e-05,2.0,2.0
0.005125598606972718,0.0004546452129282858,0.00947760820213931,3.4663567189392014e-05,2.625,2.625
0.006519565239259392,4.407667044462664e-06,0.016350232754777847,0.00017163604562510276,3.0,3.0
0.008897424188499042,1.050742926997639e-06,0.015536702916682282,0.00014348162986660288,3.0,3.0
0.010128674205189897,1.07876603843844e-06,0.009220698151030524,1.0993925622511574e-05,3.0,3.0
0.009840891518852514,1.3355480098832863e-06,0.016159163635815568,0.0,3.0,3.0
0.010818974321436001,1.7030669715142417e-06,0.014770210749495468,0.0,3.0,3.0
0.009865678632483749,1.5023861324415762e-06,0.014332149822883828,0.0,1.125,1.125
0.006645747138338401,1.3695112760106891e-06,0.01239303300714491,0.0,0.0,0.0
0.0035590554460053496,2.4969466933502105e-06,0.01028761165942265,0.0,0.0,0.0
0.002650094129425078,1.3115673997146966e-06,0.009422334839123856,0.0,0.0,0.0
0.0027177459334007717,1.457588326486127e-06,0.008881996990006143,0.0,0.0,0.0
0.0024809646194858446,1.49912535634059e-06,0.008399044395485352,0.0,0.0,0.0
0.0024809646194858446,1.7271996135441021e-06,0.008019380712566417,0.0,0.625,0.625
0.002882537406248412,6.026521587557925e-06,0.007661138123000409,0.0,1.0,1.0
0.004371561121482508,4.254457666287473e-06,0.00771110664656409,0.0,1.0,1.0
0.008425840183298587,1.2266214665355512e-06,0.00874352833031301,5.652684137353684e-06,1.0,1.0
0.011061019481427903,1.1981451501631147e-06,0.009920432336650494,2.2610736549414737e-05,1.0,1.0
0.01411332664337724,1.1021036057727133e-06,0.006980541944287586,1.9402877231798044e-05,1.0,1.0
0.010473604435672164,5.496566427505801e-06,0.012578147340512545,0.00010557905909437459,1.625,1.625
0.005207657781315045,8.988397240671987e-07,0.010205491081525662,0.00017210320960339646,2.0,2.0
0.005064039831367418,5.700948140876916e-07,0.005050617085785963,0.00010881806267721086,2.0,2.0
0.0049623440685632875,5.94850856721351e-07,0.006484536944209652,8.081936824480888e-06,2.0,2.0
0.005083545454051306,6.015150741569598e-07,0.007932279985574343,0.0,2.0,2.0
0.005051607133358382,6.572896815022135e-07,0.008516191696893164,0.0,2.0,2.0
0.005020743787632788,0.00041665030717041873,0.008701913240991949,0.0,2.0,2.0
0.0064264880575051865,1.2521884102425548e-06,0.014589260609575414,0.0,2.0,2.0
0.00851778533259109,1.1168829970264836e-06,0.013771326991850054,0.0,2.0,2.0
0.010540049875931216,1.1400816761717225e-06,0.008240106643485408,0.0,2.0,2.0
0.010081525199217733,2.7923766252822237e-06,0.015367580935919696,0.0,2.0,2.0
0.010821214737239905,1.5178637463834955e-06,0.0141240229516479,0.0,2.0,2.0
0.010170111750374373,1.3940164293193415e-06,0.013698647465852854,0.0,0.75,0.75
0.007119309766168257,1.3110391659024305e-06,0.011997669601428259,0.0,0.0,0.0
0.0037958367599202777,2.5840867520692227e-06,0.010002793213936441,0.0,0.0,0.0
0.0027177459334007717,1.2685581153225178e-06,0.009329497293042137,0.0,0.0,0.0
0.0027177459334007717,1.4018699678943197e-06,0.00874630510085303,0.0,0.0,0.0
0.0024809646194858446,1.4533597892751818e-06,0.008268187670130156,0.0,0.0,0.0
0.0024809646194858446,1.6321060897476306e-06,0.007890450993420227,0.0,0.625,0.625
0.002882537406248412,1.6991027821395507e-05,0.007576012908863861,0.0,1.0,1.0
0.004371561121482508,4.855650736792518e-06,0.007638318631760019,0.0,1.0,1.0
0.008425840183298587,1.2181515463285014e-06,0.008704405070497138,4.811788976425036e-06,1.0,1.0
0.011083423639466947,1.1850462558347576e-06,0.009969941348259383,3.059924057823689e-05,1.0,1.0
0.014158658516494541,1.0697400306459336e-06,0.006989082850330334,4.701226834895529e-05,1.0,1.0
0.01047882372643953,5.514453653135254e-06,0.012440968131675369,3.7840282241789124e-06,1.625,1.625
0.005248397591743171,9.980102720876495e-07,0.009504636913438624,2.153625939933924e-05,2.0,2.0
0.005086443989406462,6.930531834147642e-07,0.004556302033901186,8.614503759735696e-05,2.0,2.0
0.004995950305621853,5.786137140036516e-07,0.006119264974356002,3.277933914360745e-05,2.0,2.0
0.005083545454051306,4.823859021662057e-07,0.007960899565266877,0.00013832725397276246,2.0,2.0
0.005083545454051306,5.01183997714075e-07,0.008994883691794122,0.0001800761414996088,2.0,2.0
0.005055282066401605,0.0004165832141441325,0.009249947253070526,0.00015796371319370736,2.0,2.0
0.006513167594513222,7.629174860336178e-06,0.015202386766595377,0.00017764688881248162,2.0,2.0
0.008576933783575897,1.0684105384262944e-06,0.014271797192266709,0.0001598635133721017,2.0,2.0
0.010570574972789562,1.0680280701035836e-06,0.008584876846593266,0.00013647417019219747,2.0,2.0
0.010100999832515238,1.7152496619250986e-06,0.015586067198306781,5.591952820175504e-05,2.0,2.0
0.010821214737239905,1.6128917152380626e-06,0.014195745088837291,3.861888887227861e-06,2.0,2.0
0.010170111750374373,1.4240190119618113e-06,0.013768914484107482,0.0,2.0,2.0
0.007119309766168257,1.3494690709728931e-06,0.012069327678005497,0.0,2.0,2.0
0.0037958367599202777,2.5408458586171673e-06,0.010079583757932515,0.0,2.0,2.0
0.0027177459334007717,1.3169104091698e-06,0.009426007267673174,0.0,2.0,2.0
0.002582442325449385,1.509527311945915e-06,0.008822962696986845,0.0,2.0,2.0
0.0024809646194858446,1.595094532856645e-06,0.008349964310877365,0.0,2.0,2.0
0.0024809646194858446,1.3795422540647921e-06,0.007961895251303823,0.0,1.375,1.375
0.002882537406248412,1.0098142139739991e-05,0.007680528328439823,0.0,1.0,1.0
0.004540690631421741,6.008176965322361e-06,0.0080456008745702,0.0,1.0,1.0
0.010046761581251649,1.1971295984516045e-06,0.010356654003945072,1.7285067196866637e-06,1.0,1.0
0.012854046397561067,1.1752514740216035e-06,0.011530646931177436,6.914026878746655e-06,1.0,1.0
0.011519340628155366,1.1273977116933518e-06,0.005524861841946285,6.3690022374040134e-06,1.0,1.0
0.010028586881222571,7.887977132593057e-06,0.011652895392690536,2.3171333323367167e-05,1.625,1.625
0.005390271003952526,1.082903002187311e-06,0.009150717288544863,1.0012881268094817e-05,2.0,2.0
0.00518009672972687,9.012904944158512e-07,0.0042600555066303275,4.129729568116245e-05,2.0,2.0
0.005087132421145891,7.686708618425446e-07,0.005773860855346203,3.857217247444924e-05,2.0,2.0
0.00529269569007295,8.008745239007742e-07,0.006812455371954487,2.9898494610796345e-06,2.0,2.0
0.00529269569007295,9.80829140639545e-07,0.00702079238325186,0.0,2.0,2.0
0.005243652335980459,0.00029904549409793553,0.007198660328793883,1.0791487898584305e-05,1.375,1.375
0.006556470010070827,1.1780952400659044e-05,0.013623151481880126,4.316595159433722e-05,1.0,1.0
0.009001871775913882,1.1179407751321216e-06,0.012716448363846364,1.644417203593799e-05,1.0,1.0
0.010122788524324943,1.0989142283376577e-06,0.007236283568797732,6.245982389786674e-05,1.0,1.0
0.00982638998969773,1.0788525441129124e-06,0.014378497161538325,4.856948160993427e-05,1.0,1.0
0.010818974321436001,1.2527641074685956e-06,0.013253015560039601,3.6905954285201737e-06,1.0,1.0
0.009865678632483749,1.2794465252380454e-06,0.013027649964038834,0.0,1.0,1.0
0.006645747138338401,1.2774370254422376e-06,0.01125484765703142,0.0,1.0,1.0
0.0035590554460053496,2.7683003768386278e-06,0.009363474976793918,0.0,1.0,1.0
0.002650094129425078,1.2333466834329636e-06,0.008686533890170637,0.0,1.0,1.0
0.002582442325449385,1.311819674218418e-06,0.008236309258156547,0.0,1.0,1.0
0.0024809646194858446,1.3458360392633704e-06,0.007868595529437439,0.0,1.0,1.0
0.0024809646194858446,1.3433694664718813e-06,0.0075656509529858015,0.0,1.0,1.0
0.002882537406248412,1.3561870988190565e-05,0.007345414938008068,0.0,1.0,1.0
0.004540690631421741,3.5161044954825216e-06,0.007754159271448255,0.0,1.0,1.0
0.010046761581251649,1.1709988570760962e-06,0.010121331595635693,1.448208332710448e-06,1.0,1.0
0.012848445358051306,1.1511323052426473e-06,0.011333761129428717,9.389995963703226e-06,1.0,1.0
0.011453674523623395,1.092495865583093e-06,0.0054059236333219495,1.9776608414433e-05,1.0,1.0
0.010028586881222571,2.712873815070013e-05,0.011493211964395698,2.679964022144818e-05,2.25,2.25
0.00532875122708161,1.0352545658976172e-06,0.00918441593101952,3.246789649141166e-05,3.0,3.0
0.005215130942705501,8.255074418129619e-07,0.004122523272059119,2.9649340489039707e-05,3.0,3.0
0.005141910977057556,7.14764535939583e-07,0.005249827126973708,2.3046756262488846e-06,3.0,3.0
0.00529514000412666,8.043288309764845e-07,0.0064878622498510665,0.0,3.0,3.0
0.005277212836408617,7.88755045134267e-07,0.006919898107821908,8.922831985409535e-06,3.0,3.0
0.005168894650707348,0.00045582254921570545,0.007480706803804694,4.4894458314023886e-05,3.0,3.0
0.006551172897292372,1.0014312946293938e-06,0.013751672157206985,4.941037677086292e-05,3.0,3.0
0.008924319788850547,1.0677137744019283e-06,0.013053269027207322,5.258709182326003e-05,3.0,3.0
0.010122788524324943,1.0335105041488435e-06,0.007468291568567684,5.7912761175808125e-05,3.0,3.0
0.009828002470134595,1.1468635733231546e-06,0.014621053006534006,4.609351252497769e-05,3.0,3.0
0.010821214737239905,1.424210328481352e-06,0.013497119356227102,0.0,3.0,3.0
0.009865678632483749,1.3658129898189037e-06,0.01336133608470945,0.0,3.0,3.0
0.006645747138338401,1.3396988551323894e-06,0.011566401261592932,0.0,3.0,3.0
0.0035590554460053496,2.576640144636322e-06,0.009634920466741725,0.0,3.0,3.0
0.002650094129425078,1.2628426047083876e-06,0.008914159214296152,0.0,3.0,3.0
0.002582442325449385,1.344964826487456e-06,0.008426090067628338,0.0,3.0,3.0
0.0024809646194858446,1.3667025213080402e-06,0.008063159633049714,0.0,3.0,3.0
0.0024809646194858446,1.3543969749762823e-06,0.00779468572293426,0.0,3.0,3.0
0.002882537406248412,1.3423879457759773e-06,0.0075775709148529135,0.0,3.0,3.0
0.004540690631421741,2.6900232255143e-05,0.007999454657396257,0.0,3.0,3.0
0.010046761581251649,1.1940267210013567e-06,0.010312486249243705,1.5416411283691864e-06,3.0,3.0
0.012842844318541546,1.1642883809274293e-06,0.011514672813552647,1.0184174726802504e-05,3.0,3.0
0.01141616189934935,1.0910837653836616e-06,0.005516325199615562,2.2143572571121044e-05,3.0,3.0
0.010023289768444115,2.577945589186972e-05,0.011618112846299843,2.35762087712217e-05,3.0,3.0
0.005390271003952526,1.0593055789096461e-06,0.009068517548741857,9.654722218069653e-06,3.0,3.0
0.005207389515873333,8.724124991934866e-07,0.00414349561735128,3.1206553750018684e-05,3.0,3.0
0.005141910977057556,7.980772976959103e-07,0.0052751808124423686,2.6005461458348902e-06,3.0,3.0
0.005277212836408617,7.348413178016713e-07,0.006569548371322331,9.76372714633818e-06,3.0,3.0
0.0052167093976713454,6.70439148592803e-07,0.007344208438208435,3.905490858535272e-05,3.0,3.0
0.005235910909148291,0.00042062237982944237,0.007442230070952599,1.3672332431395412e-05,1.75,1.75
0.006535534399605855,1.0383852332737134e-06,0.01382727702166772,5.260266395586982e-05,1.0,1.0
0.008921181732963353,1.0702340349523735e-06,0.013201409009159367,4.719913394027277e-05,1.0,1.0
0.01020143722400151,1.043683615366129e-06,0.007429723349329925,3.6438790306908044e-06,1.0,1.0
0.009880529894385159,1.19624239453958e-06,0.014395933322925249,0.0,1.0,1.0
0.010821214737239905,1.4358446031046016e-06,0.013366147113448388,0.0,1.0,1.0
0.009865678632483749,1.2992910153004474e-06,0.013248328541808962,0.0,1.0,1.0
0.006645747138338401,1.2756811996925443e-06,0.011498461897091422,0.0,1.0,1.0
0.0035590554460053496,2.563444560547506e-06,0.009556499777833483,0.0,1.0,1.0
0.002650094129425078,1.2463198439298405e-06,0.008854333947667862,0.0,1.0,1.0
0.002582442325449385,1.329834649966568e-06,0.008400000436400691,0.0,1.0,1.0
0.0024809646194858446,1.3596852528607637e-06,0.00801577469824953,0.0,1.0,1.0
0.0024809646194858446,1.350968989881523e-06,0.0077136803205798835,0.0,1.0,1.0
0.002882537406248412,1.5198415980313647e-05,0.007525578740911641,0.0,1.0,1.0
0.004540690631421741,2.6778938951395554e-05,0.007976520207481666,0.0,1.0,1.0
0.010046761581251649,1.168429560111747e-06,0.010336714481829743,4.765072578595667e-06,1.0,1.0
0.012826041200012262,1.1388794025639914e-06,0.011591344513095413,1.906029031438267e-05,1.0,1.0
0.01139958488554028,1.0514520194597849e-06,0.00566147849913271,1.929387230352952e-05,1.0,1.0
0.00997766132990857,2.2114155410957126e-05,0.012005112628760266,7.082205910932385e-05,0.375,0.375
0.005268460057339188,9.688453069871737e-07,0.009787794881696538,3.084839469999352e-05,0.0,0.0
0.00512567642898381,6.438707432031703e-07,0.005098674212493514,9.97862257635328e-05,0.0,0.0
0.005048817639395363,6.02411115330117e-07,0.00671290549741489,3.8073864230935974e-05,0.0,0.0
0.005151087017908765,5.794838222403038e-07,0.008823110422776859,0.00011903338166923296,0.0,0.0
0.005167134000266318,5.924575482222911e-07,0.009210627307563729,4.238734496384773e-05,0.0,0.0
0.0051150043814158054,0.0004315987786431694,0.009920024792889238,0.00016332052681147503,1.25,1.25
0.006519565239259392,9.386032674924529e-07,0.016357443404529267,0.00014461839554711752,2.0,2.0
0.008933737198408141,1.0876391408746952e-06,0.014988028957087734,1.114964694860947e-05,2.0,2.0
0.010148449432469142,1.180277469872842e-06,0.008733812560605205,0.0,2.0,2.0
0.009857141191276288,1.3405679873194292e-06,0.01577072846997317,0.0,2.0,2.0
0.010821214737239905,1.5835804223944218e-06,0.01456505995766171,0.0,2.0,2.0
0.009865678632483749,1.3615572780267163e-06,0.01430472754246443,0.0,2.0,2.0
0.006645747138338401,1.317096713841392e-06,0.012469284610726002,0.0,2.0,2.0
0.0035590554460053496,2.2807748351542287e-06,0.010458083356562986,0.0,2.0,2.0
0.002650094129425078,1.2772024214734751e-06,0.00968820457695165,0.0,2.0,2.0
0.002582442325449385,1.3938418042370988e-06,0.009182209484038962,0.0,2.0,2.0
0.0024809646194858446,1.4168149089152917e-06,0.008815396595116032,0.0,2.0,2.0
0.0024809646194858446,1.4945916761664038e-06,0.008452371358087213,0.0,0.75,0.75
0.002882537406248412,1.3437631729957094e-06,0.00813667364250323,0.0,0.0,0.0
0.004540690631421741,1.2464142467254437e-06,0.008494111776235389,0.0,0.0,0.0
0.010046761581251649,1.1947673760878308e-06,0.010813822534461712,2.5226854827859416e-06,0.0,0.0
0.012823353732617487,1.1808923289828755e-06,0.012020500818589467,1.7144918003378528e-05,0.0,0.0
0.011389321322643312,1.1098184946526557e-06,0.00603553156214808,2.9057599449867697e-05,0.0,0.0
0.010080640689923011,1.6561514712340013e-05,0.012208782018235519,1.4450939061884899e-05,0.0,0.0
0.005239296713359921,1.0045421445684263e-06,0.010218031612897947,6.231967470437863e-05,0.0,0.0
0.0051150043814158054,6.581379601928978e-07,0.00541255412552921,7.518225624006497e-05,0.0,0.0
0.005028650680432344,5.423286659955539e-07,0.007282412308560981,6.64930062438023e-05,0.0,0.0
0.005272324208301197,6.047527062896932e-07,0.008323489984465372,5.1543758938404115e-06,0.0,0.0
0.0052694714095764495,7.827225799341466e-07,0.008546486908978964,0.0,0.0,0.0
0.005195579583391203,0.00041005593291416946,0.008790354786580398,1.8733275529577085e-05,1.25,1.25
0.006522009553313104,1.1659428341804867e-06,0.01551987939778029,7.493310211830834e-05,2.0,2.0
0.008979467617874838,1.0945478367942437e-06,0.014495915894508027,6.244425176525695e-06,2.0,2.0
0.010187518409269724,1.1371017863890471e-06,0.00846940970746109,0.0,2.0,2.0
0.009868835542830724,1.2610519122955852e-06,0.015606041258728337,0.0,2.0,2.0
0.010821214737239905,1.4862315435355711e-06,0.014563642021904528,0.0,2.0,2.0
0.009865678632483749,1.3930633993521063e-06,0.014354407071885775,0.0,1.375,1.375
0.006645747138338401,1.2853516464665146e-06,0.012578180946308687,0.0,1.0,1.0
0.0035590554460053496,2.189735622873424e-06,0.0106141299216326,0.0,1.0,1.0
0.002650094129425078,1.2858903771031796e-06,0.009847550458477718,0.0,1.0,1.0
0.0027177459334007717,1.4662900921996377e-06,0.009370373046440011,0.0,1.0,1.0
0.0024809646194858446,1.5526247213517308e-06,0.008913666562014755,0.0,1.0,1.0
0.0024809646194858446,1.653587144611379e-06,0.008551401397129614,0.0,2.25,2.25
0.002882537406248412,1.4616122160963063e-06,0.008243227635896463,0.0,3.0,3.0
0.004371561121482508,1.3792246587815217e-06,0.008274379493492147,0.0,3.0,3.0
0.008425840183298587,1.2802455309069072e-06,0.009297273808790106,1.3547755370517095e-06,3.0,3.0
0.011100000653276015,1.2594200716140451e-06,0.01069760937249974,5.419102148206838e-06,3.0,3.0
0.01424383225557142,1.1841662323221905e-06,0.007196654753480525,6.104275983037587e-06,3.0,3.0
0.010497767232291217,7.788569920415447e-06,0.012602037434889135,2.2610736549414737e-05,2.375,2.375
0.0053264165604120645,1.0685970219210341e-06,0.009457607987662014,9.87273207460671e-06,2.0,2.0
0.005110276123365571,8.98079397421081e-07,0.004320838265154948,3.1954016115288594e-05,2.0,2.0
0.005061930940553039,7.796215803026847e-07,0.005472949227450862,2.6628346762740496e-06,2.0,2.0
0.005178671467980788,8.658160797703648e-07,0.006715055241704068,1.0090741931143766e-05,2.0,2.0
0.005094747533070827,7.380363438095861e-07,0.007528932957949033,5.0827440838353784e-05,2.0,2.0
0.005052837752347895,0.0002792618200145134,0.007864392992274016,5.601296099741378e-05,2.0,2.0
0.0064528764247708,1.2913738806630977e-05,0.013719195715289451,5.800619397146687e-05,2.0,2.0
0.008532125467497808,1.1092871410680853e-06,0.012868074994746653,6.222624190871989e-05,2.0,2.0
0.010548338382835752,1.0967069398192044e-06,0.007512341370984549,6.563653895026385e-05,2.0,2.0
0.010088246446629447,1.6960257031019642e-06,0.014629546084166015,4.028510706152612e-05,2.0,2.0
0.010821214737239905,1.4387836266515238e-06,0.01338865702491088,0.0,2.0,2.0
0.010170111750374373,1.3306479714318507e-06,0.01309970635046183,0.0,2.0,2.0
0.007119309766168257,1.2981123069106973e-06,0.011478760126884997,0.0,2.0,2.0
0.0037958367599202777,2.8115872877081196e-06,0.009512322160458863,0.0,2.0,2.0
0.0027177459334007717,1.3200110008967527e-06,0.008884104788031732,0.0,2.0,2.0
0.0027177459334007717,1.55344970330176e-06,0.008324750027671456,0.0,2.0,2.0
0.0024809646194858446,1.6509859609699803e-06,0.007837265084413306,0.0,2.0,2.0
0.0024809646194858446,5.933145409214918e-06,0.007449736104599783,0.0,2.0,2.0
0.002882537406248412,5.12432471715926e-06,0.007130546834632357,0.0,2.0,2.0
0.004371561121482508,8.041107816236672e-06,0.007214683442601966,0.0,2.0,2.0
0.008425840183298587,1.2303713516442897e-06,0.008179152363854346,1.635073924027925e-06,2.0,2.0
0.011097313185881242,1.2256275386198861e-06,0.009287103484777558,6.5402956961117e-06,2.0,2.0
0.014194709067606818,1.1747444046910358e-06,0.006360331815589185,7.692633509236142e-06,2.0,2.0
0.010419140410159716,3.781779058295616e-06,0.011702465934746163,3.74198346613248e-05,2.0,2.0
0.005207657781315045,1.0439214595629183e-06,0.00888608041937098,3.7700133048301016e-05,2.0,2.0
0.00515713316902961,9.68021846290973e-07,0.0035281300501569836,2.9431330632502652e-06,2.0,2.0
0.005061930940553039,1.012077508689587e-06,0.004485893148306679,0.0,2.0,2.0
0.005180507928571889,1.1064386356484604e-06,0.005637650334327979,0.0,2.0,2.0
0.005180507928571889,1.04172903341791e-06,0.00596627689778798,0.0,2.0,2.0
0.005122706809513586,7.852104314865348e-06,0.006147956130461944,1.3781337359663941e-05,2.0,2.0
0.006421190944726729,2.6594749941049536e-06,0.012157494498263996,6.960743276576024e-05,2.0,2.0
0.008505229867146302,1.076045303811128e-06,0.011618722532587092,6.252211242830589e-05,2.0,2.0
0.010612812894742833,1.0796025504775575e-06,0.006245075706021679,4.827361109034827e-06,2.0,2.0
0.010126136678893099,7.547363082323078e-06,0.012963450791116193,0.0,2.0,2.0
0.010821214737239905,1.51516602244765e-06,0.011931887492581922,0.0,2.0,2.0
0.010170111750374373,9.918560420130178e-07,0.011745597198133248,0.0,0.75,0.75
0.007119309766168257,1.1696206502794713e-06,0.010220030651092895,0.0,0.0,0.0
0.0037958367599202777,3.7227967862014513e-06,0.0083491832180275,0.0,0.0,0.0
0.0027177459334007717,1.2217957053265343e-06,0.007844612994065057,0.0,0.0,0.0
0.002582442325449385,1.2910297611943486e-06,0.00740370122137881,0.0,0.0,0.0
0.0024809646194858446,5.845579625854178e-06,0.0070252623705955065,0.0,0.0,0.0
0.0024809646194858446,6.859729215177737e-06,0.006678528362936101,0.0,0.0,0.0
0.002882537406248412,1.0642313592624283e-05,0.006425903610948114,0.0,0.0,0.0
0.004540690631421741,1.353385610044272e-05,0.006725057566948799,0.0,0.0,0.0
0.010046761581251649,1.191838630121351e-06,0.008921823145664021,2.180098565370567e-06,0.0,0.0
0.012862334904465604,1.175979412183219e-06,0.009842725768320829,2.363849730166086e-05,0.0,0.0
0.011472695851486175,1.086627956524674e-06,0.0045550543279848895,4.332167292043512e-05,0.0,0.0
0.01003388399400103,6.022884691910617e-06,0.010293679137992381,3.519301969812486e-06,0.0,0.0
0.005323454114303153,1.0101269520228754e-06,0.008189993248259168,2.1302677410192397e-05,0.0,0.0
0.005202500887765914,7.041968233776575e-07,0.003862997974590903,0.00011464204027327224,0.0,0.0
0.005087132421145891,5.343405974372884e-07,0.005614027354173501,0.00015659336552404586,0.0,0.0
0.00522730362322826,1.5352183205133836e-06,0.007546913498197715,0.00016383440718759808,0.0,0.0
0.005188400273391236,4.411328961514116e-07,0.00839154930581443,0.00015321421274772147,0.0,0.0
0.005198631750907522,0.0004219451384950497,0.008794114420601325,0.00017711743630374876,0.625,0.625
0.006589137731006841,2.1128304462780127e-05,0.014932651384171802,0.00015992580190254084,1.0,1.0
0.008996023705280144,1.0615237399842724e-06,0.013898213789993315,0.00016782087313570426,1.0,1.0
0.010156256461615762,1.021457319406661e-06,0.008016131248553817,0.00012940442198735295,1.0,1.0
0.00986708739956173,1.156919815726268e-06,0.014879712943333115,4.226276790296941e-05,1.0,1.0
0.010821214737239905,1.5354770784132045e-06,0.013601815477499064,0.0,1.0,1.0
0.009865678632483749,1.444194868942799e-06,0.013378278621625897,0.0,2.25,2.25
0.006645747138338401,1.4044023095955335e-06,0.011555135666946482,0.0,3.0,3.0
0.0035590554460053496,2.6829442213504827e-06,0.009580797902232173,0.0,3.0,3.0
0.002650094129425078,1.3495302300632671e-06,0.00877036547257897,0.0,3.0,3.0
0.002582442325449385,1.526605254092893e-06,0.008210048971156242,0.0,3.0,3.0
0.0024809646194858446,1.5765547933248366e-06,0.00778021246184552,0.0,3.0,3.0
0.0024809646194858446,4.841867264315615e-06,0.007461177031221342,0.0,1.75,1.75
0.002882537406248412,5.613581631916947e-06,0.007149991106860895,0.0,1.0,1.0
0.004540690631421741,6.1922745847776035e-06,0.007496207704316553,0.0,1.0,1.0
0.010046761581251649,1.2004788979493139e-06,0.00978771737969823,2.2423870958097256e-06,1.0,1.0
0.012859647437070831,1.1669443772732888e-06,0.010705042558961509,1.3454322574858355e-05,1.0,1.0
0.011451152387558594,1.0805350080688634e-06,0.005151078695947663,1.1211935479048628e-06,1.0,1.0
0.010020845454390404,7.118119456089024e-06,0.01122058591780197,2.036834945360501e-05,1.625,1.625
0.0053181570015246975,9.32516824387938e-07,0.009263314493417068,0.00010506517871825154,2.0,2.0
0.005182541043780579,5.648281609039949e-07,0.004534932793009095,0.0001011565734331943,2.0,2.0
0.005053526184087324,5.486722657809295e-07,0.00603571244164544,7.86392696794383e-06,2.0,2.0
0.005188400273391236,5.264145247521959e-07,0.007564389413214788,0.0,2.0,2.0
0.005188400273391236,5.701206503005825e-07,0.008191656523159124,0.0,2.0,2.0
0.005141567767319181,0.00047007242885680704,0.008640316178485477,3.214088170660607e-05,2.0,2.0
0.006564289258914086,2.7746384337823946e-06,0.01531836457440452,0.00016117157251132404,2.0,2.0
0.008961516291236734,1.0346612623626505e-06,0.014581686665666498,0.0001685683355009742,2.0,2.0
0.010128389563834703,9.698014769082007e-07,0.008653378894777167,0.0001209331818476273,2.0,2.0
0.009860919598255524,1.8038332774989942e-06,0.01549753814191337,1.0635766572486409e-05,2.0,2.0
0.010821214737239905,1.5890199245525433e-06,0.014144160211013368,0.0,2.0,2.0
0.009865678632483749,1.446636657722777e-06,0.013777650046207046,0.0,0.75,0.75
0.006645747138338401,1.353658658553532e-06,0.01192008142759998,0.0,0.0,0.0
0.0035590554460053496,2.5498540298507213e-06,0.00995096784596748,0.0,0.0,0.0
0.002650094129425078,1.2866253615003274e-06,0.00915508292104008,0.0,0.0,0.0
0.002582442325449385,1.4217007187956828e-06,0.00860358519592388,0.0,0.0,0.0
0.0024809646194858446,1.4522923439552062e-06,0.008193869638988365,0.0,0.0,0.0
0.0024809646194858446,1.8019966676538196e-06,0.007859202048090503,0.0,1.25,1.25
0.002882537406248412,8.667361990593622e-06,0.0075527647917655195,0.0,2.0,2.0
0.004540690631421741,4.255056479092006e-06,0.007896815540272896,0.0,2.0,2.0
0.010046761581251649,1.1973289191964137e-06,0.010200337928082736,1.5883575261985557e-06,2.0,2.0
0.012856733864955842,1.1729767408689081e-06,0.011379474716741327,1.8266111551283392e-05,2.0,2.0
0.011437097509814325,1.073326279429061e-06,0.005442399539303157,3.5738044339467504e-05,2.0,2.0
0.010039181106779486,6.072684661936055e-06,0.011559590622248272,2.9119887980306855e-06,1.375,1.375
0.00532875122708161,1.0210295895421196e-06,0.00926703173093449,1.7939096766477805e-05,1.0,1.0
0.0051912988087463915,7.496166196145117e-07,0.004464330944751111,7.175638706591122e-05,1.0,1.0
0.005053526184087324,5.500186385097224e-07,0.005936059494108893,5.979698922159269e-06,1.0,1.0
0.005210804431430281,6.026797238223663e-07,0.007499383956532505,2.2797602140732216e-05,1.0,1.0
0.005156461952698313,4.980065309613323e-07,0.008634149388002627,0.00012664815451542014,1.0,1.0
0.0051150043814158054,0.00040799628583544276,0.009569221262068031,0.00017395629338396143,2.25,2.25
0.006551172897292372,1.0987153278926288e-05,0.015691987420505028,0.00010992368409250595,3.0,3.0
0.008953904477544834,1.2540383663556889e-06,0.014146223710532249,8.175369620139626e-06,3.0,3.0
0.010156737939373679,1.618114216394248e-06,0.007748561406683077,0.0,3.0,3.0
0.009857141191276288,4.342977749876381e-06,0.01445220307776884,0.0,3.0,3.0
0.010821214737239905,1.7654089322713587e-06,0.013137897557115063,0.0,3.0,3.0
0.009865678632483749,1.0734985616552439e-06,0.012869597748653655,0.0,1.75,1.75
0.006645747138338401,1.2045820417013001e-06,0.011157521062529376,0.0,1.0,1.0
0.0035590554460053496,3.0267106889660546e-06,0.009239952573139332,0.0,1.0,1.0
0.002650094129425078,1.231464152106862e-06,0.008530818745422214,0.0,1.0,1.0
0.002582442325449385,1.3334771650898834e-06,0.008061553963904462,0.0,1.0,1.0
0.0024809646194858446,1.407679432678963e-06,0.007660070862000451,0.0,1.0,1.0
0.0024809646194858446,6.840824963853358e-06,0.00735613240847805,0.0,0.375,0.375
0.002882537406248412,4.263145208921029e-06,0.007107567287092423,0.0,0.0,0.0
0.004540690631421741,7.043975643834446e-06,0.007491535768362484,0.0,0.0,0.0
0.010046761581251649,1.188946900587535e-06,0.009740144516369677,1.712934587076874e-06,0.0,0.0
0.012870623411370139,1.1790490297678455e-06,0.010531461000764535,2.303118412987906e-05,0.0,0.0
0.011539945575960393,1.095464300013158e-06,0.005098282318894229,7.032375086581057e-05,0.0,0.0
0.010120597628250766,7.385114926626132e-06,0.011173655638985834,9.632921232415948e-05,0.625,0.625
0.0053312733631464115,9.724895364820271e-07,0.009100006745245939,7.921543858600053e-05,1.0,1.0
0.0051912988087463915,7.516918195359679e-07,0.004129141244665981,2.9727201152088657e-05,1.0,1.0
0.0050423241050678025,6.215459348097484e-07,0.005894455627570682,0.00012010785881930844,1.0,1.0
0.005188400273391236,5.441824142375003e-07,0.00775349185566773,0.00013709705549658907,1.0,1.0
0.005188400273391236,5.256231623451139e-07,0.008535963310329575,0.0001516569994867425,1.0,1.0
0.005198631750907522,0.0003555332808078264,0.008977550605062007,0.0001840470353151052,1.0,1.0
0.006627433227381255,1.3689712966011206e-05,0.015246613062755224,0.0001805900218757319,1.0,1.0
0.008978093305045804,1.0549590906382451e-06,0.014313724569914189,0.0001617010250200569,1.0,1.0
0.01018166199672226,1.0305963855911511e-06,0.008283165327105439,0.00011845721276267073,1.0,1.0
0.00988214237482202,1.2054297988762628e-06,0.015095381778798437,9.016264781068271e-06,1.0,1.0
0.010821214737239905,1.6301174536676553e-06,0.013810949472801117,0.0,1.0,1.0
0.009865678632483749,1.4235579974177935e-06,0.013600268365367678,0.0,1.625,1.625
0.006645747138338401,1.3713374897576539e-06,0.011768336988810621,0.0,2.0,2.0
0.0035590554460053496,2.624337796226828e-06,0.009787596670556651,0.0,2.0,2.0
0.002650094129425078,1.3093259523971865e-06,0.009038097206521236,0.0,2.0,2.0
0.002582442325449385,1.4560479869082356e-06,0.008515189426414056,0.0,2.0,2.0
0.0024809646194858446,1.5201532840605491e-06,0.008080771181886196,0.0,2.0,2.0
0.0024809646194858446,1.3274639675415546e-06,0.007748107772033927,0.0,1.375,1.375
0.002882537406248412,1.337076819139222e-05,0.007465817689463171,0.0,1.0,1.0
0.004540690631421741,4.78850394244041e-06,0.007782061622483039,0.0,1.0,1.0
0.010046761581251649,1.2109723472662933e-06,0.010044450434406469,1.4326362001006583e-06,1.0,1.0
0.012862334904465604,1.1936154564774081e-06,0.010910911907374145,1.7985813164307175e-05,1.0,1.0
0.011458640973741907,1.112902092275754e-06,0.005272288279347812,6.4811215921945e-05,1.0,1.0
0.01001562616362304,6.304261811958398e-06,0.011647114856263062,0.00012618099053712646,0.375,0.375
0.005304510608451465,9.002357481917935e-07,0.009666628419988057,0.00011250865810573103,0.0,0.0
0.005141801233352454,5.803454674314275e-07,0.005170220794107176,0.00017166718989032235,0.0,0.0
0.005053526184087324,5.522821535381517e-07,0.006832853805697727,9.983294216136217e-05,0.0,0.0
0.005199602352410759,6.297458741839697e-07,0.008088668228601405,7.318902326601188e-06,0.0,0.0
0.005183103160612779,7.317696978300654e-07,0.008539958890784353,2.611446638661743e-05,0.0,0.0
0.0051523954589093686,0.0003810582768618025,0.00907511613761681,0.00010445786554646972,1.875,1.875
0.006545797962502823,7.720533567295555e-06,0.01517423558855081,3.738869039610522e-05,3.0,3.0
0.008920729523522927,1.1050888136917695e-06,0.014319954803747358,0.00011473547306893097,3.0,3.0
0.010156737939373679,1.1466168994281025e-06,0.008288615831383796,9.561289422410914e-06,3.0,3.0
0.0098771692706793,2.106755406411123e-06,0.015200576056210217,0.0,3.0,3.0
0.010821214737239905,1.7741196577591469e-06,0.014017400090923109,0.0,3.0,3.0
0.009865678632483749,1.4790759633200477e-06,0.013783082042752817,0.0,3.0,3.0
0.006645747138338401,1.4156895889520212e-06,0.01189030865866967,0.0,3.0,3.0
0.0035590554460053496,2.6491569455781254e-06,0.009882351802573016,0.0,3.0,3.0
0.002650094129425078,1.3363201470905264e-06,0.00908292583308187,0.0,3.0,3.0
0.0027177459334007717,1.5073833831861828e-06,0.008559987354808802,0.0,3.0,3.0
0.0024809646194858446,1.5740027876027808e-06,0.008082364076131082,0.0,3.0,3.0
0.0024809646194858446,1.0902690759468983e-06,0.0077168607205991375,0.0,1.75,1.75
0.002882537406248412,9.413388598567932e-06,0.007408798829451274,0.0,1.0,1.0
0.004371561121482508,5.150819958786336e-06,0.007506628228143483,0.0,1.0,1.0
0.008425840183298587,1.2060572043387788e-06,0.008538306980951961,1.1211935479048628e-06,1.0,1.0
0.011077822599957184,1.1929138404074039e-06,0.00963001129070868,1.4668948918421955e-05,1.0,1.0
0.014110882329323528,1.1078193666401688e-06,0.0067613561652255655,3.232774729792355e-05,1.0,1.0
0.010568156693380742,4.550006410984068e-06,0.012002733557008947,2.6472625436642596e-06,1.0,1.0
0.005293418176816107,1.0598834268376733e-06,0.008921234702978809,0.0,1.0,1.0
0.0051125210686277095,8.562487523354183e-07,0.003947484586359686,1.8779991927406452e-05,1.0,1.0
0.004948670643927829,5.793812130362176e-07,0.005978927672805388,7.511996770962581e-05,1.0,1.0
0.005151578050625895,5.081827733925702e-07,0.007179012482303952,6.259997309135484e-06,1.0,1.0
0.005110760418186679,5.901947072006284e-07,0.00763515980283028,2.237715456026789e-05,1.0,1.0
0.005015446674854332,0.00039413355911264975,0.00848240213306023,8.950861824107156e-05,1.625,1.625
0.006469297794557687,1.1085579034946357e-05,0.014101383363423465,3.212530957399628e-05,2.0,2.0
0.00849804933649106,1.079347779711314e-06,0.013527741745928,9.866503221562793e-05,2.0,2.0
0.010584464519203859,1.0686852664651856e-06,0.00784811201408589,8.222086017968995e-06,2.0,2.0
0.010102747975784228,1.2563871865640215e-06,0.014822505475151277,0.0,2.0,2.0
0.010821214737239905,1.5547640609987156e-06,0.013624162064850256,0.0,2.0,2.0
0.010170111750374373,1.3688038195884727e-06,0.01335337801561999,0.0,2.0,2.0
0.007119309766168257,1.3202515066690778e-06,0.011676761577057602,0.0,2.0,2.0
0.0037958367599202777,2.6127833559905445e-06,0.009701906262017826,0.0,2.0,2.0
0.0027177459334007717,1.2782000093432282e-06,0.009075782561752708,0.0,2.0,2.0
0.0027177459334007717,1.3969256794651342e-06,0.00857051938384828,0.0,2.0,2.0
0.0024809646194858446,1.4536811179364775e-06,0.008134707413742275,0.0,2.0,2.0
0.0024809646194858446,1.34261729443517e-06,0.00780235323741616,0.0,1.375,1.375
0.002882537406248412,1.0087326962011885e-05,0.007567001996648496,0.0,1.0,1.0
0.004371561121482508,6.672605842043927e-06,0.007642270846639207,0.0,1.0,1.0
0.008425840183298587,1.2105141251933492e-06,0.008658018990614373,1.6195017914181354e-06,1.0,1.0
0.011097313185881242,1.194483555242919e-06,0.010038385840593668,9.717010748508812e-06,1.0,1.0
0.014197109656891138,1.1316982650769039e-06,0.00678577006626995,8.097508957090677e-07,1.0,1.0
0.010503064345069675,1.435048568558956e-05,0.012128890060133074,0.0,1.0,1.0
0.00522693194982668,1.0526501439908174e-06,0.009285059166486056,2.7889689504133466e-05,1.0,1.0
0.005010149562075875,6.96430412236673e-07,0.004820206006709645,0.00011155875801653386,1.0,1.0
0.0049475520443898165,5.449941773533778e-07,0.006321728192917999,4.3025802400849116e-05,1.0,1.0
0.005040857263779287,5.021169979139129e-07,0.008644677884132224,0.0001349169569312185,1.0,1.0
0.005078248341272849,6.104944692818512e-07,0.008709000180881782,1.124307974426821e-05,1.0,1.0
0.005052837752347895,0.00035064686385247304,0.008505511285744114,0.0,1.625,1.625
0.006465914964381423,1.8715318903448797e-05,0.014216603060886835,0.0,2.0,2.0
0.00852675053270826,1.1253731220363495e-06,0.013376777601800588,2.6394764773593647e-05,2.0,2.0
0.010508758659959767,1.0774347360458665e-06,0.008191217202067148,0.00010557905909437459,2.0,2.0
0.010104913902326602,1.1114862192361676e-06,0.015205602406674144,8.798254924531216e-06,2.0,2.0
0.010821214737239905,1.4938148444792172e-06,0.013922980249650501,0.0,2.0,2.0
0.010170111750374373,1.3789984694729263e-06,0.013624932493806712,0.0,2.0,2.0
0.007119309766168257,1.334720509581346e-06,0.011917097770660339,0.0,2.0,2.0
0.0037958367599202777,2.572365144048507e-06,0.009942324155811805,0.0,2.0,2.0
0.0027177459334007717,1.2624962583202002e-06,0.009322707387610244,0.0,2.0,2.0
0.002582442325449385,1.363020140539624e-06,0.008764334177898462,0.0,2.0,2.0
0.0024809646194858446,1.4044896380698598e-06,0.008345740857636357,0.0,2.0,2.0
0.0024809646194858446,1.3695190596832144e-06,0.007997535666074083,0.0,1.375,1.375
0.002882537406248412,1.3662320568931442e-05,0.007731087033907677,0.0,1.0,1.0
0.004540690631421741,6.754702520315446e-06,0.00807519153794011,0.0,1.0,1.0
0.010046761581251649,1.2014663852448819e-06,0.010381700495255943,1.0277607522461243e-06,1.0,1.0
0.012854046397561067,1.175628022218519e-06,0.0115792199874461,3.059924057823689e-05,1.0,1.0
0.011380310717028646,1.0446939452926627e-06,0.005754599158290297,0.00011239965317746251,1.0,1.0
0.010031595323969501,6.593331151437854e-06,0.012048626366767625,6.476449952411563e-05,1.0,1.0
0.00530104995626411,9.870506940671984e-07,0.009685277583890024,4.718356180766298e-06,1.0,1.0
0.005171338964761057,7.909337080193409e-07,0.0045980275172746105,2.3171333323367167e-05,1.0,1.0
0.005037615560375842,6.1068024493335e-07,0.006593664801765639,0.00011781875532566935,1.0,1.0
0.005172508935055865,5.591369333476805e-07,0.008467402713972927,0.00010825746590325844,1.0,1.0
0.005199602352410759,6.579707127597216e-07,0.008808978204174322,8.377807344066893e-06,1.0,1.0
0.005141567767319181,0.00042744017704592676,0.008939467915866046,0.0,2.25,2.25
0.006532603778870017,1.4531490050223188e-05,0.0152169045659699,3.069267337389562e-05,3.0,3.0
0.00893552186787007,1.0909087643044734e-06,0.014566393778802913,0.00014888515988219992,3.0,3.0
0.010139650179489203,1.0212161855042688e-06,0.008688539895798495,0.00011468875667110161,3.0,3.0
0.009863862438688,1.1520079422525549e-06,0.015628187318021926,8.704822128872479e-06,3.0,3.0
0.010821214737239905,1.5490942037634776e-06,0.014342975684908735,0.0,3.0,3.0
0.009865678632483749,1.4232986503671206e-06,0.014027662807693079,0.0,2.375,2.375
0.006645747138338401,1.3654807925475518e-06,0.012196840878683017,0.0,2.0,2.0
0.0035590554460053496,2.4674135775128474e-06,0.010206877280351988,0.0,2.0,2.0
0.002650094129425078,1.29043575904898e-06,0.009424168284730661,0.0,2.0,2.0
0.002582442325449385,1.4304460714826293e-06,0.008889735176463479,0.0,2.0,2.0
0.0024809646194858446,1.5091840812706961e-06,0.008457907964584885,0.0,2.0,2.0
0.0024809646194858446,1.3360707616265688e-06,0.008107999909716276,0.0,0.75,0.75
0.002882537406248412,1.30877228840167e-06,0.007833428017378612,0.0,0.0,0.0
0.004540690631421741,1.3357463513907514e-05,0.008149781239429103,0.0,0.0,0.0
0.010046761581251649,1.2151688785881505e-06,0.010348193899813908,8.097508957090677e-07,0.0,0.0
0.012867935943975364,1.210545601820359e-06,0.011289284945878638,1.854640993825961e-05,0.0,0.0
0.011499536428192212,1.137777247958364e-06,0.005504885495815813,6.847066708524559e-05,0.0,0.0
0.010050538829821192,6.500992825716999e-06,0.011685082497985692,7.454379880306359e-05,0.625,0.625
0.005315712687470987,1.0108571497682934e-06,0.009540107768891345,7.133593948544691e-05,1.0,1.0
0.005196187436853812,7.625937456732826e-07,0.004452371824288575,2.7484814056278932e-05,1.0,1.0
0.005053526184087324,5.999082501846282e-07,0.006290394391297363,8.763996232789678e-05,1.0,1.0
0.005210804431430281,5.109320192253436e-07,0.007845230222204702,3.243675222619208e-05,1.0,1.0
0.005177806047834322,4.644804132659668e-07,0.008896565441384906,0.000135991434081294,1.0,1.0
0.005157692571687826,0.0004660731331729901,0.009587202723525246,0.00017744445108855436,2.25,2.25
0.006564289258914086,9.348003809218502e-07,0.015930009615295986,0.00015299620289118443,3.0,3.0
0.008976308635583878,1.0602190750459442e-06,0.014979029490685402,0.00016389669571803726,3.0,3.0
0.010142337646883978,1.067649822215145e-06,0.008887834317176548,0.00011426830909063728,3.0,3.0
0.009870583686099714,1.2741027376525687e-06,0.015833801046023988,8.626961465823529e-06,3.0,3.0
0.010821214737239905,1.7472182382687795e-06,0.014516565026837147,0.0,3.0,3.0
0.009865678632483749,1.5083615113834517e-06,0.014178642940636033,0.0,3.0,3.0
0.006645747138338401,1.440805703672079e-06,0.012334264036460933,0.0,3.0,3.0
0.0035590554460053496,2.4754340423324952e-06,0.010318793862111817,0.0,3.0,3.0
0.002650094129425078,1.3561559800235192e-06,0.009497210875640497,0.0,3.0,3.0
0.002582442325449385,1.5376287566107294e-06,0.008907416059258438,0.0,3.0,3.0
0.0024809646194858446,1.6075038003126425e-06,0.008427843147904995,0.0,3.0,3.0
0.0024809646194858446,1.2280790106123343e-06,0.008061518009253605,0.0,1.75,1.75
0.002882537406248412,7.771100607719595e-06,0.007762401425524663,0.0,1.0,1.0
0.004540690631421741,3.3644209804320467e-06,0.008058326603487676,0.0,1.0,1.0
0.010046761581251649,1.214432270278479e-06,0.010326212774181581,7.474623652699086e-07,1.0,1.0
0.012873536983485125,1.1955426526005925e-06,0.011356876770917406,2.2517303753756e-05,1.0,1.0
0.011476312147695712,1.0936808501141508e-06,0.005615718112039134,8.749981313440868e-05,1.0,1.0
0.010040586554968589,6.683556817262457e-06,0.011980385871513625,0.00010014438481355795,1.625,1.625
0.005294932721028196,9.046980554181653e-07,0.010312962348954166,0.00016369425799411,2.0,2.0
0.005158908278613042,5.665717165308395e-07,0.0051970118446089415,9.977065363092302e-05,2.0,2.0
0.005045894084339001,6.040187536759305e-07,0.006605018158268403,3.42275474763179e-05,2.0,2.0
0.005167211822277409,6.20966665822166e-07,0.00853673663138182,0.00010744771500754936,2.0,2.0
0.005167211822277409,6.398445349420404e-07,0.00886343816302498,8.953976250629114e-06,2.0,2.0
0.005120379316205353,0.0004538838597185667,0.009132943643505594,3.08795389652131e-05,2.0,2.0
0.006546362091196042,7.889414335387149e-06,0.01591596656795375,0.00015570575396528784,2.0,2.0
0.00893595315090673,1.0402455980282662e-06,0.015105361695606183,0.00016464415808330716,2.0,2.0
0.0101393948064515,9.960664389091237e-07,0.008925106734373588,0.00011313154341012263,2.0,2.0
0.009885502998527878,1.174517249622108e-06,0.015893262113250695,8.53352867016479e-06,2.0,2.0
0.010821214737239905,1.6017033221450953e-06,0.014627384496429986,0.0,2.0,2.0
0.009865678632483749,1.404704223283882e-06,0.01436757625294272,0.0,2.625,2.625
0.006645747138338401,1.393589099258827e-06,0.01253548188629092,0.0,3.0,3.0
0.0035590554460053496,2.432532178144278e-06,0.010498078563678922,0.0,3.0,3.0
0.002650094129425078,1.3541399066921373e-06,0.00966369882497086,0.0,3.0,3.0
0.002582442325449385,1.5414372416546524e-06,0.009093736248706037,0.0,3.0,3.0
0.0024809646194858446,1.587305081966413e-06,0.008649220168898592,0.0,3.0,3.0
0.0024809646194858446,1.565912742766765e-06,0.008272645284746858,0.0,3.0,3.0
0.002882537406248412,1.1341333718975363e-05,0.007934602415293337,0.0,3.0,3.0
0.004540690631421741,2.065639589547309e-05,0.008286601763244208,0.0,3.0,3.0
0.010046761581251649,1.2215425153725196e-06,0.010587694814749492,3.425869174153748e-07,3.0,3.0
0.012876224450879898,1.2057613745061666e-06,0.01171379222432927,2.0555215044922487e-06,3.0,3.0
0.011598278738331231,1.1552742779830624e-06,0.005619131698077145,1.712934587076874e-07,3.0,3.0
0.010168548834059541,1.6139090464632468e-05,0.011606375544914112,0.0,2.375,2.375
0.005419886557372221,1.0589792496473383e-06,0.009113018787251766,0.0,2.0,2.0
0.005216967403296602,8.518377766566966e-07,0.004148945377457657,1.4668948918421955e-05,2.0,2.0
0.005007365121931312,5.716964813369473e-07,0.006296525822398986,5.867579567368782e-05,2.0,2.0
0.005272324208301197,5.30094574386462e-07,0.00737251261360372,4.889649639473985e-06,2.0,2.0
0.005285362747911819,7.370813082097274e-07,0.007542797492330487,0.0,2.0,2.0
0.005254655046208409,0.0004268944966434391,0.007665511880560723,0.0,2.0,2.0
0.006602098448606372,1.7000414054555477e-05,0.013874250452147234,1.971431988399384e-05,2.0,2.0
0.0088902436578438,1.171341888239938e-06,0.013524977050147411,7.885727953597536e-05,2.0,2.0
0.010178974529327487,1.2451145937883205e-06,0.00745543158855601,6.57143996133128e-06,2.0,2.0
0.009888863622233736,2.909609329726202e-06,0.0142741514163687,0.0,2.0,2.0
0.010821214737239905,1.562127510331127e-06,0.01307333326787285,0.0,2.0,2.0
0.009865678632483749,1.2170408284127423e-06,0.012870048070591871,0.0,1.375,1.375
0.006645747138338401,1.2374480131565154e-06,0.011158807993373834,0.0,1.0,1.0
0.0035590554460053496,2.9434330838381597e-06,0.009304715074809128,0.0,1.0,1.0
0.002650094129425078,1.2224156284132027e-06,0.008616995322124163,0.0,1.0,1.0
0.002582442325449385,1.3079564661615373e-06,0.00817996936410303,0.0,1.0,1.0
0.0024809646194858446,1.3473362911558863e-06,0.007837515314240331,0.0,1.0,1.0
0.0024809646194858446,9.73911197189021e-06,0.00754752329024572,0.0,0.375,0.375
0.002882537406248412,1.1243438786339686e-05,0.007276459778261073,0.0,0.0,0.0
0.004540690631421741,5.8503803280950554e-06,0.007622276150683704,0.0,0.0,0.0
0.010046761581251649,1.1873272513742385e-06,0.009923167795693794,3.737311826349543e-07,0.0,0.0
0.012876224450879898,1.177171026986861e-06,0.011027519001975933,2.2423870958097256e-06,0.0,0.0
0.011534979125841881,1.1348759760206246e-06,0.005172278381649557,1.8686559131747716e-07,0.0,0.0
0.010104881308553157,6.332225455857884e-06,0.011110225916816398,0.0,0.625,0.625
0.005347086879470692,1.0862245602545e-06,0.008764784832084017,0.0,1.0,1.0
0.005174313310266285,8.445120792548336e-07,0.004028857810073023,2.630133197793491e-05,1.0,1.0
0.0050019901871417635,5.75054293750436e-07,0.006469124741361122,0.00010520532791173964,1.0,1.0
0.005194305239632302,5.369809862133723e-07,0.0075094079881372925,8.767110659311637e-06,1.0,1.0
0.005172431113044775,5.582578499740687e-07,0.007998473785219203,3.172043412614175e-05,1.0,1.0
0.005109629446626258,0.00036127035677896983,0.009344399298873209,0.000126881736504567,1.625,1.625
0.006581318482163582,4.113579030621719e-06,0.015028171051158992,1.0573478042047249e-05,2.0,2.0
0.008983489166239119,1.121650584195119e-06,0.013767697236664454,0.0,2.0,2.0
0.010181632728404772,1.1860082842458049e-06,0.00783215687173948,0.0,2.0,2.0
0.009888863622233736,3.173241779021068e-06,0.014870125098648136,0.0,2.0,2.0
0.010821214737239905,1.4567556878963714e-06,0.013740959314368138,0.0,2.0,2.0
0.009865678632483749,1.3621682145015095e-06,0.013493247087553673,0.0,0.75,0.75
0.006645747138338401,1.3024573277724186e-06,0.011688877304947977,0.0,0.0,0.0
0.0035590554460053496,2.4905496132144675e-06,0.009767818677240725,0.0,0.0,0.0
0.002650094129425078,1.2405795419221233e-06,0.009044475711870593,0.0,0.0,0.0
0.0027177459334007717,1.3293941471618733e-06,0.008598553026643193,0.0,0.0,0.0
0.0024809646194858446,1.3501555506493388e-06,0.008195840322752711,0.0,0.0,0.0
0.0024809646194858446,1.3143987661133722e-06,0.007909577260357153,0.0,0.625,0.625
0.002882537406248412,1.3218328457553465e-06,0.007684353149827515,0.0,1.0,1.0
0.004371561121482508,3.461368571604826e-05,0.007841775359676144,0.0,1.0,1.0
0.008425840183298587,1.2012431482126784e-06,0.008877046990425713,1.245770608783181e-07,1.0,1.0
0.011111202732295539,1.188996514720816e-06,0.010313267953070115,7.474623652699086e-07,1.0,1.0
0.01422969955581606,1.1284362443097992e-06,0.006977115940972694,6.228853043915905e-08,1.0,1.0
0.010517274866836127,8.64908513566722e-06,0.012333850555808103,1.513611289671565e-05,0.375,0.375
0.0052363753902661915,1.0110525683944017e-06,0.009756611032947917,7.83433991598523e-05,0.0,0.0
0.005048148493032046,6.483431390540023e-07,0.004983052969799792,9.623577952850074e-05,0.0,0.0
0.004938134955005893,4.794233042347231e-07,0.007029913646033518,0.0001221633803238007,0.0,0.0
0.005040857263779287,4.573256183906804e-07,0.009417445428364297,0.00017475047214706073,0.0,0.0
0.005056982068147931,4.325522566163938e-07,0.009918405118816752,0.00010439557701603057,0.0,0.0
0.005047540639569438,0.0005271364547786872,0.009522017543549303,7.692633509236142e-06,1.25,1.25
0.0064426128618738305,1.2096658550938802e-06,0.015282400081227346,2.7188943536692927e-05,2.0,2.0
0.008528966485206848,1.0744579069575183e-06,0.014663763583455983,0.00013346874859850806,2.0,2.0
0.010545140169365573,9.998611643651761e-07,0.008984961590024721,0.00010791487898584305,2.0,2.0
0.010127749159329963,1.1231487127768884e-06,0.016066938430707695,8.237658150578784e-06,2.0,2.0
0.010821214737239905,1.506326557796058e-06,0.014850468228732401,0.0,2.0,2.0
0.010170111750374373,1.5663112226425859e-06,0.014489005720173167,0.0,0.75,0.75
0.007119309766168257,1.3816841467280034e-06,0.01272358776750992,0.0,0.0,0.0
0.0037958367599202777,2.122885575514511e-06,0.010676511927423854,0.0,0.0,0.0
0.0027177459334007717,1.2796706569614648e-06,0.010029461301701553,0.0,0.0,0.0
0.0027177459334007717,1.3844070940173923e-06,0.00954499714486083,0.0,0.0,0.0
0.0024809646194858446,1.4037785041350924e-06,0.009138164204463653,0.0,0.0,0.0
0.0024809646194858446,1.089019778522108e-06,0.008874433744421754,0.0,1.25,1.25
0.002882537406248412,1.3015926688237332e-06,0.008637656307463333,0.0,2.0,2.0
0.004371561121482508,1.243096203065048e-06,0.008747694652637016,0.0,2.0,2.0
0.008425840183298587,1.1874520750069683e-06,0.009851519181303288,0.0,2.0,2.0
0.01108611110686172,1.1744261418840066e-06,0.011348837417987721,7.054176072234763e-06,2.0,2.0
0.014027410603853995,1.083527113764928e-06,0.008057249712607052,3.9148341381011464e-05,2.0,2.0
0.010382391283370462,9.890594797747152e-07,0.01395240897717184,4.6077940392367905e-05,2.0,2.0
0.005309917368614085,1.0374576487777161e-06,0.01056134579855495,3.6438790306908044e-06,2.0,2.0
0.005152244540922188,9.559620253836634e-07,0.004931820531528387,0.0,2.0,2.0
0.005054597998391908,9.196722948404857e-07,0.006306354599859253,0.0,2.0,2.0
0.005180507928571889,8.634844729135394e-07,0.00762997550042059,0.0,2.0,2.0
0.005159319477458061,8.97960092175974e-07,0.008084988504069902,0.0,2.0,2.0
0.005080052716483268,0.0004062042167073576,0.0084240086784454,2.3311482516855275e-05,2.625,2.625
0.006405221784380267,6.235418220730204e-06,0.015335158830719918,9.32459300674211e-05,3.0,3.0
0.008616837058812618,1.1346452749961171e-06,0.013968607237012869,7.770494172285092e-06,3.0,3.0
0.01060721185523307,1.3040111931041e-06,0.00813193595436605,0.0,3.0,3.0
0.01013110978303582,3.525342306614236e-06,0.015260096769785375,0.0,3.0,3.0
0.010821214737239905,1.7022872883812794e-06,0.013984677352554636,0.0,3.0,3.0
0.010170111750374373,1.3249399092668957e-06,0.01363174672905841,0.0,3.0,3.0
0.007119309766168257,1.2867013938637836e-06,0.01192810443067975,0.0,3.0,3.0
0.0037958367599202777,2.669255286380335e-06,0.009942212878458256,0.0,3.0,3.0
0.0027177459334007717,1.343016702189451e-06,0.009285846312158437,0.0,3.0,3.0
0.0027177459334007717,1.6013474158683942e-06,0.008686773965624478,0.0,3.0,3.0
0.0024809646194858446,1.7168515712095102e-06,0.00817122816961753,0.0,3.0,3.0
0.0024809646194858446,4.0669796333852114e-06,0.007783061694004239,0.0,1.75,1.75
0.002882537406248412,6.578822181721296e-06,0.007434279879940565,0.0,1.0,1.0
0.004371561121482508,6.221467242926505e-06,0.007484873455502732,0.0,1.0,1.0
0.008425840183298587,1.2250208289257787e-06,0.00847762278418996,0.0,1.0,1.0
0.011111202732295539,1.2327704995070093e-06,0.009504909055052161,2.1489543001509873e-06,1.0,1.0
0.014243423770900382,1.1916770121422209e-06,0.006560885499993403,1.1959397844318538e-05,1.0,1.0
0.010574295125655081,6.069527782907804e-06,0.011735345233771333,1.8468549275210656e-05,1.625,1.625
0.005335816276082187,1.1414070386856856e-06,0.008649144978593579,1.831282794911276e-05,2.0,2.0
0.005231668957780185,1.0597118654175853e-06,0.003477454472498848,7.132036735283711e-06,2.0,2.0
0.005018354463660898,9.363762974761507e-07,0.004688261443802525,2.901088305203833e-05,2.0,2.0
0.005128353770129394,8.087731834746537e-07,0.006135457764725971,3.333993591755988e-05,2.0,2.0
0.005128353770129394,8.155055723915171e-07,0.006613130843796263,2.8419142012866317e-05,2.0,2.0
0.005146947428143731,8.224991484954949e-05,0.006514110591540164,9.436712361532597e-06,2.0,2.0
0.006518464707291679,2.545931477722164e-06,0.012158009782576,2.8964166654208956e-05,2.0,2.0
0.00868630409633986,1.131821287882575e-06,0.011301636568757413,1.2924870066125502e-05,2.0,2.0
0.010598638706973345,1.138372552437078e-06,0.006273332515030812,4.204475804643236e-05,2.0,2.0
0.010137831030447533,5.0240175256997615e-06,0.013160718533965962,3.503729837202697e-06,2.0,2.0
0.010821214737239905,1.3930025164029663e-06,0.01222940747301404,0.0,2.0,2.0
0.010170111750374373,1.1751106822818703e-06,0.012064877188916337,0.0,1.375,1.375
0.007119309766168257,1.2408777912222376e-06,0.010525823979476018,0.0,1.0,1.0
0.0037958367599202777,3.661676805533168e-06,0.008603880998101958,0.0,1.0,1.0
0.0027177459334007717,1.266668946682729e-06,0.008035917662525576,0.0,1.0,1.0
0.002582442325449385,3.305699795547326e-06,0.0075389437312427775,0.0,1.0,1.0
0.0024809646194858446,5.693482472277011e-06,0.007072034065313325,0.0,1.0,1.0
0.0024809646194858446,8.01911181623246e-06,0.006677919445230547,0.0,1.625,1.625
0.002882537406248412,1.123465431259962e-05,0.0063709775695583205,0.0,2.0,2.0
0.004540690631421741,1.2692042484680641e-05,0.0068156708256071384,0.0,2.0,2.0
0.010046761581251649,1.1322353111645254e-06,0.009212473959355984,0.0,2.0,2.0
0.012876224450879898,1.1723484069120531e-06,0.010069950708085465,2.1489543001509873e-06,2.0,2.0
0.011604105882561208,1.21994586689839e-06,0.004591837505660082,8.59581720060395e-06,2.0,2.0
0.010212904940697204,6.355025948263379e-06,0.010128971112035035,5.014226700352304e-06,2.0,2.0
0.005358366780501304,1.1244077833902655e-06,0.007824281055759684,2.228372176460915e-05,2.0,2.0
0.005204945201819624,1.0466779257758283e-06,0.0032839349952885756,2.754710258671809e-05,2.0,2.0
0.005132147852201664,9.353377055583289e-07,0.0042450937030812045,2.4681830186516774e-05,2.0,2.0
0.005313749694203022,1.0194566422638374e-06,0.0053075856043528265,8.59581720060395e-06,2.0,2.0
0.0052332085894693245,1.0186567914913712e-06,0.005808329539492862,2.6721779558399235e-05,2.0,2.0
0.005263004326503184,1.091968095938739e-06,0.005984555865782665,9.514573024581545e-06,2.0,2.0
0.006616839001824342,4.864102549484872e-06,0.011573231473730605,3.709281987651922e-05,2.0,2.0
0.008979898900911498,1.1537337334855084e-06,0.010526663833974298,4.498789110968263e-05,2.0,2.0
0.010178719156289784,1.1756722710302451e-06,0.005623061955213132,4.581321413800148e-05,2.0,2.0
0.009895584869645447,2.906996639350749e-05,0.012200213746785765,3.597162632861435e-06,2.0,2.0
0.010821214737239905,1.4563292275631494e-06,0.011279124964445754,0.0,2.0,2.0
0.009865678632483749,1.2932748278290066e-06,0.011166955743999847,0.0,2.0,2.0
0.006645747138338401,1.2651185018697708e-06,0.009657973240202223,0.0,2.0,2.0
0.0035590554460053496,1.5822865090305526e-06,0.007866310568829488,0.0,2.0,2.0
0.002650094129425078,2.706920623955412e-06,0.007232844414838547,0.0,2.0,2.0
0.002582442325449385,6.509008405235383e-06,0.00672963843062422,0.0,2.0,2.0
0.0024809646194858446,1.0151105252119198e-05,0.0063439170418622005,0.0,2.0,2.0
0.0024809646194858446,7.6457250365863e-06,0.00603599495664159,0.0,1.375,1.375
0.002882537406248412,5.519638126976224e-06,0.005808692529928831,0.0,1.0,1.0
0.004540690631421741,8.603283877812008e-06,0.005919744360260263,0.0,1.0,1.0
0.010046761581251649,1.2767559440191606e-06,0.00807224744830656,0.0,1.0,1.0
0.012867935943975364,8.580397978428835e-06,0.009117376019585134,1.3454322574858355e-05,1.0,1.0
0.011454768683768131,1.0778929724376892e-06,0.003968239756915392,5.381729029943342e-05,1.0,1.0
0.010020845454390404,5.968501838509028e-05,0.009593423395190755,4.484774191619451e-06,1.0,1.0
0.00528026998982132,9.64866062355548e-07,0.007465735727192692,3.2748194878387874e-05,1.0,1.0
0.0051150043814158054,5.556534867163481e-07,0.003915688504219806,0.00016729142062697143,1.0,1.0
0.005007365121931312,3.979770379845865e-07,0.005887163504731441,0.0001561106294131424,1.0,1.0
0.005167211822277409,4.781319851313508e-06,0.006842675754031169,1.2099547037806645e-05,1.0,1.0
0.005167211822277409,5.845140006620381e-07,0.007076162750043466,0.0,1.0,1.0
0.0051150043814158054,0.0003182643409386881,0.007291790622418061,0.0,1.0,1.0
0.006530159464816307,3.3357445653353737e-06,0.013430294119139652,3.167371772831238e-05,1.0,1.0
0.008899208857960968,1.0543516735262573e-06,0.013032791125189128,0.0001266948709132495,1.0,1.0
0.010156482566335976,9.983613096108206e-07,0.007172749387465687,1.0557905909437459e-05,1.0,1.0
0.009888863622233736,6.229487357077502e-06,0.013856319779273511,0.0,1.0,1.0
0.010821214737239905,1.5658095226042629e-06,0.012644388021800564,0.0,1.0,1.0
0.009865678632483749,1.265364295564742e-06,0.012345024329212646,0.0,0.375,0.375
0.006645747138338401,1.2850625515359533e-06,0.010529306551454592,0.0,0.0,0.0
0.0035590554460053496,3.5209724713043394e-06,0.008578438818641492,0.0,0.0,0.0
0.002650094129425078,1.2845823924081958e-06,0.007894054377939233,0.0,0.0,0.0
0.002582442325449385,1.4253938680309232e-06,0.0074195537098896685,0.0,0.0,0.0
0.0024809646194858446,8.594418559493052e-06,0.006976866041649205,0.0,0.0,0.0
0.0024809646194858446,7.076516473716406e-06,0.0066315474198562555,0.0,0.0,0.0
0.002882537406248412,1.1178764196822248e-05,0.006356162279461097,0.0,0.0,0.0
0.004540690631421741,1.2367390109326304e-05,0.006492054197915086,0.0,0.0,0.0
0.010046761581251649,1.1981559550849064e-06,0.008722188326416191,0.0,0.0,0.0
0.012873536983485125,1.2004365752289803e-06,0.009670785439293634,1.3734620961834572e-05,0.0,0.0
0.011437861007299115,1.1046800379584875e-06,0.004378456575465291,7.708205641845933e-05,0.0,0.0
0.009989549084401791,9.140301684710525e-05,0.01051589304735268,9.315249727176236e-05,0.0,0.0
0.005274972877042861,9.21723509847028e-07,0.008344659062554848,4.120386288550371e-05,0.0,0.0
0.005125754250994902,5.868174419642592e-07,0.004409026195825009,0.00013529068811385346,0.0,0.0
0.005023489926299957,5.871644605259945e-07,0.005633120110098268,1.1274224009487789e-05,0.0,0.0
0.005167211822277409,1.741105512093949e-06,0.007076039783361056,0.0,0.0,0.0
0.005167211822277409,6.057911152226174e-07,0.007657731931650546,0.0,0.0,0.0
0.0051150043814158054,0.00035107726930861207,0.008036054172230035,3.4243119608927686e-05,1.875,1.875
0.006514268126480936,8.762791882679933e-06,0.014785021744008212,0.00016855276336836438,3.0,3.0
0.008913548992867686,1.0564417193183414e-06,0.013926165409609571,0.00013773551293359045,3.0,3.0
0.010156482566335976,1.1199676757228073e-06,0.007797422315226758,1.052676164421788e-05,3.0,3.0
0.00989222424593959,2.772345209330102e-05,0.01448838847704874,0.0,3.0,3.0
0.010821214737239905,1.8810620466939053e-06,0.013211280732504483,0.0,3.0,3.0
0.009865678632483749,1.3155514345373685e-06,0.01287188526954613,0.0,1.75,1.75
0.006645747138338401,1.3487933123305826e-06,0.01102031996052047,0.0,1.0,1.0
0.0035590554460053496,3.2890297442653154e-06,0.00901199321738476,0.0,1.0,1.0
0.002650094129425078,1.3007362211261405e-06,0.00825770696168384,0.0,1.0,1.0
0.002582442325449385,1.4321218928163706e-06,0.0077742724822366,0.0,1.0,1.0
0.0024809646194858446,4.907965152235963e-06,0.007344030272513923,0.0,1.0,1.0
0.0024809646194858446,5.021127787502138e-06,0.006983892200962703,0.0,1.0,1.0
0.002882537406248412,8.615815435868158e-06,0.00669740052095887,0.0,1.0,1.0
0.004540690631421741,1.2001208471836259e-05,0.006911564708609864,0.0,1.0,1.0
0.010046761581251649,1.2219589070697536e-06,0.00906410298488656,0.0,1.0,1.0
0.012881825490389662,1.2297965212603896e-06,0.00990272782796185,5.092087363401252e-06,1.0,1.0
0.011620352233710331,1.1648428646532307e-06,0.004480738618836106,3.86344610048884e-05,1.0,1.0
0.010151462985837379,0.0001135511384368759,0.010521321078358153,9.835358956343214e-05,1.625,1.625
0.005350858819702411,9.185978207177759e-07,0.008556975556573207,0.00012848566616337534,2.0,2.0
0.005224000626924106,5.37644861951993e-07,0.004124506959996971,0.00013437193228987588,2.0,2.0
0.005124542784015568,5.187331964762581e-07,0.005447144638619936,0.00010151473248321946,2.0,2.0
0.005233286411480417,3.850061219369474e-06,0.007502394997036353,0.00015998809043298002,2.0,2.0
0.005254708328627518,5.248641688000654e-07,0.007887051809913009,0.00011384786151017296,2.0,2.0
0.005202500887765914,0.0004339910156321079,0.008596734008547616,0.00018141534490405072,2.0,2.0
0.00661984744457127,2.607899285521077e-06,0.014870192839770206,0.0001800761414996088,2.0,2.0
0.009009010453761592,1.0489738276956712e-06,0.01387451120106096,0.0001597233641786136,2.0,2.0
0.010209214984830644,1.050401226452419e-06,0.007868087558063147,0.00010000423562006986,2.0,2.0
0.009897197350082314,4.068485914251764e-06,0.014610368178268088,7.4590515200892965e-06,2.0,2.0
0.010821214737239905,1.6530430087353369e-06,0.01346201336393343,0.0,2.0,2.0
0.009865678632483749,1.4413961405302181e-06,0.013179605308792372,0.0,2.0,2.0
0.006645747138338401,1.3958708519453388e-06,0.011343473471276918,0.0,2.0,2.0
0.0035590554460053496,2.9417608152497614e-06,0.00933073772809085,0.0,2.0,2.0
0.002650094129425078,1.3401125392458585e-06,0.008545555506037961,0.0,2.0,2.0
0.0027177459334007717,1.511210462324746e-06,0.008052104614647877,0.0,2.0,2.0
0.0024809646194858446,1.5612631513541657e-06,0.007559118484373933,0.0,2.0,2.0
0.0024809646194858446,6.70374973166014e-06,0.007135952248128875,0.0,1.375,1.375
0.002882537406248412,6.119566508922847e-06,0.006834731981383559,0.0,1.0,1.0
0.004371561121482508,9.013386287292296e-06,0.006889095425228163,0.0,1.0,1.0
0.008425840183298587,1.2115668680186276e-06,0.007876248509665017,0.0,1.0,1.0
0.011111202732295539,1.2161667657152326e-06,0.00898100061054778,7.3811908570403475e-06,1.0,1.0
0.014210833871975461,1.1374413368012723e-06,0.006225936181942856,2.952476342816139e-05,1.0,1.0
0.010530313406446752,5.8774466729920074e-06,0.011360156151560288,2.4603969523467826e-06,0.375,0.375
0.005257155356708982,1.0012845291365465e-06,0.008572610017014209,1.8686559131747714e-05,0.0,0.0
0.00508705184286907,7.027002922680299e-07,0.004202672174033292,0.00010576592468569207,0.0,0.0
0.004954711968814964,4.810599521457065e-07,0.0064028291514945926,0.0001642704269006722,0.0,0.0
0.0050623570029374775,4.096182984565135e-07,0.008562539233987239,0.00018220952366715002,0.0,0.0
0.0050623570029374775,3.916902161250133e-07,0.009591453432824203,0.00018132191210839198,0.0,0.0
0.005036946414012524,0.000400330582893682,0.009562740981307358,0.00011571651742334773,0.0,0.0
0.006458173537549256,4.650731278339442e-06,0.014776582820155244,8.642533598433318e-06,0.0,0.0
0.008569321969883996,1.1247377389700095e-06,0.013598125014314712,0.0,0.0,0.0
0.010587662732674037,1.1640622845315201e-06,0.007984859979153578,0.0,0.0,0.0
0.010134470406741675,2.8641358042902893e-06,0.014936797548034893,0.0,0.0,0.0
0.010821214737239905,1.4886596063617754e-06,0.013720423811993317,0.0,0.0,0.0
0.010170111750374373,1.3370506845640195e-06,0.013442968367158283,0.0,0.625,0.625
0.007119309766168257,1.3175868847489867e-06,0.011761865441214646,0.0,1.0,1.0
0.0037958367599202777,2.5691377984503846e-06,0.009769900861204868,0.0,1.0,1.0
0.0027177459334007717,1.2826612823239687e-06,0.009111010459817392,0.0,1.0,1.0
0.0027177459334007717,1.4040930118827248e-06,0.008573820566299585,0.0,1.0,1.0
0.0024809646194858446,1.4250239396035733e-06,0.008132768307832633,0.0,1.0,1.0
0.0024809646194858446,1.2588237741669394e-06,0.007781552609239404,0.0,0.375,0.375
0.002882537406248412,1.0771670335051431e-05,0.007482594455083399,0.0,0.0,0.0
0.004371561121482508,3.6600730948534055e-06,0.007587939767048168,0.0,0.0,0.0
0.008425840183298587,1.1863234793745204e-06,0.008675176141971627,0.0,0.0,0.0
0.011082520841534101,1.1782242984261707e-06,0.010106975292866164,1.513611289671565e-05,0.0,0.0
0.014041056996927226,1.066680791717538e-06,0.007003526265756333,6.05444515868626e-05,0.0,0.0
0.010492470119512761,6.020623113196394e-06,0.012384864502182472,5.045370965571883e-06,0.625,0.625
0.005264896783541149,1.0562425641174468e-06,0.00933216647190979,0.0,1.0,1.0
0.005064039831367418,8.890924336589822e-07,0.004159417330047394,0.0,1.0,1.0
0.0049623440685632875,7.506346676795633e-07,0.005640434713138661,0.0,1.0,1.0
0.005067654115715935,6.154522064480275e-07,0.007116899276752037,0.0,1.0,1.0
0.0050623570029374775,6.337695973225385e-07,0.007693462668149709,0.0,1.0,1.0
0.005047540639569438,0.00045279933257885436,0.007916859135947231,0.0,1.0,1.0
0.0064319408143058265,1.7386641417007763e-05,0.01396215506211697,3.129998654567742e-05,1.0,1.0
0.008481903605718651,1.028844299014736e-06,0.013968120905978156,0.0001467829219798783,1.0,1.0
0.010502872979094816,8.752496153227174e-07,0.008513955100562241,9.676523203723358e-05,1.0,1.0
0.010122776055187242,9.748062579541933e-07,0.015439899738420446,7.19432526572287e-06,1.0,1.0
0.010821214737239905,1.4402473681969837e-06,0.014058899937505472,0.0,1.0,1.0
0.010170111750374373,1.4006951806459286e-06,0.013642939040513695,0.0,0.375,0.375
0.007119309766168257,1.3530623417526676e-06,0.01190103635557986,0.0,0.0,0.0
0.0037958367599202777,2.6080455102254776e-06,0.009848142263844456,0.0,0.0,0.0
0.0027177459334007717,1.3080820374779339e-06,0.009165256581226947,0.0,0.0,0.0
0.002582442325449385,1.4526085712818364e-06,0.008565028950203318,0.0,0.0,0.0
0.0024809646194858446,1.4743470079709892e-06,0.008149440611855246,0.0,0.0,0.0
0.0024809646194858446,1.6061502275592446e-06,0.007832892474673902,0.0,0.625,0.625
0.002882537406248412,9.121716006715318e-06,0.007563871282169613,0.0,1.0,1.0
0.004540690631421741,4.212466328890515e-06,0.007925977128643819,0.0,1.0,1.0
0.010046761581251649,1.2002911703734055e-06,0.010225098376709783,0.0,1.0,1.0
0.012876224450879898,1.1976564384539772e-06,0.01125249052508079,2.289103493639095e-06,1.0,1.0
0.011535995463975525,1.1433304640853327e-06,0.005358928718693084,1.2987158596564663e-05,1.0,1.0
0.010086545656164077,6.677218527524655e-06,0.01140891657591239,2.1131383951484706e-05,0.375,0.375
0.005356000288458685,1.0465905676891175e-06,0.009154446288175919,2.1458398736290293e-05,0.0,0.0
0.005301985498351299,8.853183723836216e-07,0.004025116303555133,8.502384404945212e-06,0.0,0.0
0.005098334500165414,7.308534190842296e-07,0.005618018483416208,2.7282376332351665e-05,0.0,0.0
0.00529269569007295,7.09939902190291e-07,0.006734261133130446,2.2735313610293053e-06,0.0,0.0
0.00529514000412666,8.424761721628309e-07,0.007004459211855517,0.0,0.0,0.0
0.005248949448758915,0.0005084648449516338,0.007244457283716192,8.829399189750796e-06,1.25,1.25
0.006567749911101442,2.4927874907253908e-05,0.013751846012789472,4.512804030317073e-05,2.0,2.0
0.008972718370256257,1.0918839747845795e-06,0.013170132508458323,5.6947288954001164e-05,2.0,2.0
0.010156227193298274,1.0894613037995432e-06,0.007512337308891302,6.231967470437863e-05,2.0,2.0
0.009895584869645447,1.2309070437896615e-06,0.014401473601752462,4.920793904693565e-06,2.0,2.0
0.010821214737239905,1.6233387906826316e-06,0.013310160822410058,0.0,2.0,2.0
0.009865678632483749,1.324420749575733e-06,0.013104187187239465,0.0,1.375,1.375
0.006645747138338401,1.292477710612885e-06,0.01133047545075946,0.0,1.0,1.0
0.0035590554460053496,2.901819817112213e-06,0.009391822987511808,0.0,1.0,1.0
0.002650094129425078,1.268901469232617e-06,0.00867457520913204,0.0,1.0,1.0
0.002582442325449385,1.4116910150042907e-06,0.008168796474774753,0.0,1.0,1.0
0.0024809646194858446,1.4921143570075553e-06,0.007737384294552461,0.0,1.0,1.0
0.0024809646194858446,8.075271565574998e-06,0.0073486317261201506,0.0,2.25,2.25
0.002882537406248412,5.1930398310883695e-06,0.007048409747782243,0.0,3.0,3.0
0.004540690631421741,7.551553527370734e-06,0.007436681489022939,0.0,3.0,3.0
0.010046761581251649,1.2301374964510732e-06,0.00972133831258822,0.0,3.0,3.0
0.012876224450879898,1.2540554396123851e-06,0.010437138002585436,1.8219395153454022e-06,3.0,3.0
0.011611925131404466,1.2650703660020162e-06,0.004824137846439693,7.287758061381609e-06,3.0,3.0
0.010234370582613693,6.076092618863821e-06,0.010521368402526524,4.718356180766298e-06,2.375,2.375
0.005413394934706973,1.1530749869006685e-06,0.008124972315945098,2.1349393808021764e-05,2.0,2.0
0.00527199555750227,1.1410955389093414e-06,0.003411490205141947,2.09912347579966e-05,2.0,2.0
0.005192128325166895,1.1289895746350913e-06,0.0042021948499902425,7.754922039675302e-06,2.0,2.0
0.005249785603278395,1.0821600229480904e-06,0.005513730737922571,3.101968815870121e-05,2.0,2.0
0.0052332085894693245,1.056643582217975e-06,0.006005167102164884,3.511515903507591e-05,2.0,2.0
0.005204945201819624,1.494116281600359e-06,0.00655833528009155,3.7123964141738794e-05,2.625,2.625
0.006635174654213421,1.1466811113374755e-05,0.011863343434839396,3.145570787177532e-05,3.0,3.0
0.009096428817926936,1.2160389469071815e-06,0.01048766307388597,1.4902530907568803e-05,3.0,3.0
0.010200926477926106,1.291252676755504e-06,0.0056136049733769,4.98931128817664e-05,3.0,3.0
0.009897197350082314,9.637397622576007e-05,0.0121602538259338,4.157759406813867e-06,3.0,3.0
0.010821214737239905,1.4364893145922957e-06,0.011223580413158548,0.0,3.0,3.0
0.009865678632483749,1.075133128775687e-06,0.011169210537014269,0.0,2.375,2.375
0.006645747138338401,1.2049598314796072e-06,0.009616838145970683,0.0,2.0,2.0
0.0035590554460053496,1.5347378628227284e-06,0.007821767876286512,0.0,2.0,2.0
0.002650094129425078,2.7856265428006765e-06,0.007163228748393339,0.0,2.0,2.0
0.002582442325449385,3.72635342114199e-06,0.006661296512861626,0.0,2.0,2.0
0.0024809646194858446,3.3416290889439153e-06,0.006286211020045175,0.0,2.0,2.0
0.0024809646194858446,3.679160306372385e-06,0.005994076346502395,0.0,0.75,0.75
0.002882537406248412,8.857252235692125e-06,0.005712628398441238,0.0,0.0,0.0
0.004540690631421741,1.989458105841554e-05,0.005790239367934986,0.0,0.0,0.0
0.010046761581251649,1.4700802047818858e-06,0.008063387670190093,0.0,0.0,0.0
0.012876224450879898,1.141243435789066e-06,0.009078796932551467,1.7752231175160329e-06,0.0,0.0
0.011592981625552777,1.093494574382825e-06,0.0039737387335838535,1.0137458328973135e-05,0.0,0.0
0.010147846689627841,8.204255729117627e-05,0.009563295515442246,1.6755614688133786e-05,0.0,0.0
0.005426589118339779,1.0256610425611016e-06,0.0072190385516221565,2.1894418449364407e-05,0.0,0.0
0.005275986241141143,8.287258627642784e-07,0.0030771124944966796,2.6052177856178272e-05,0.0,0.0
0.005137315672013527,7.390293573884457e-07,0.0039067101566467935,2.949361916294181e-05,0.0,0.0
0.0052332085894693245,6.7411668596973505e-06,0.005421752183049649,3.237446369575292e-05,0.0,0.0
0.0052332085894693245,6.25943254107452e-07,0.006005659293074961,3.457013439373327e-05,0.0,0.0
0.005212686628651791,0.00012707159510456838,0.006218286911959433,2.9244465041185173e-05,0.625,0.625
0.006761864601406493,1.688300108112714e-05,0.01169158073287322,2.2579592284195152e-06,1.0,1.0
0.009108984283371728,1.144993813146914e-06,0.010855000991791854,0.0,1.0,1.0
0.010262625717485945,1.2068879401913874e-06,0.005606836927240908,0.0,1.0,1.0
0.009897197350082314,5.167635365663903e-05,0.01217701450695149,0.0,1.0,1.0
0.010821214737239905,1.466518145276454e-06,0.011304876688942634,0.0,1.0,1.0
0.009865678632483749,1.4592788309527423e-06,0.011218060650601975,0.0,1.625,1.625
0.006645747138338401,1.3061431568573218e-06,0.00963646361897955,0.0,2.0,2.0
0.0035590554460053496,2.5593016157140105e-06,0.007857622570430408,0.0,2.0,2.0
0.002650094129425078,2.626139897196633e-06,0.007238998366269059,0.0,2.0,2.0
0.002582442325449385,3.6493312514163064e-06,0.006738942537804258,0.0,2.0,2.0
0.0024809646194858446,9.161184007461877e-06,0.006344563016610579,0.0,2.0,2.0
0.0024809646194858446,1.3303899401960266e-05,0.006027102791707254,0.0,1.375,1.375
0.002882537406248412,1.7070080472470448e-05,0.005813460278758391,0.0,1.0,1.0
0.004540690631421741,1.9764165832421128e-05,0.006067587889337805,0.0,1.0,1.0
0.010046761581251649,1.1833268569976574e-06,0.008284720545704095,0.0,1.0,1.0
0.012876224450879898,1.183693578080955e-06,0.009210748375911787,3.92417741766702e-06,1.0,1.0
0.011551556139650952,1.1284609743752606e-06,0.0040126447394399625,1.569670967066808e-05,1.0,1.0
0.01013078336913664,0.00014814171081918782,0.009678137001342967,1.0324323920290613e-05,1.625,1.625
0.00531285988874624,1.0366136972624887e-06,0.007417678100093418,3.6065059124273085e-05,2.0,2.0
0.005228577966987162,7.889975924083118e-07,0.003083329899063214,1.5338550620642917e-05,2.0,2.0
0.005061804708050483,6.233706965893782e-07,0.004215597210721591,4.9332516107813965e-05,2.0,2.0
0.005246247129079949,9.658446898604872e-06,0.005550586845589481,1.8593126336088976e-05,2.0,2.0
0.005194913093094909,5.543875803879049e-07,0.006459835153211573,5.792833330841791e-05,2.0,2.0
0.0052363193938193275,0.0001445919770431144,0.006350305263375643,4.827361109034827e-06,2.625,2.625
0.006640471766991879,5.829092274115927e-05,0.012034148561981973,1.8172678755624654e-05,3.0,3.0
0.00893552186787007,1.1429643028928367e-06,0.011478783890041477,9.240503490649244e-05,3.0,3.0
0.010150596885471024,1.1302916540090146e-06,0.006057229310045606,8.491483912118358e-05,3.0,3.0
0.009895584869645447,6.816000645798195e-05,0.0126094908625832,6.57143996133128e-06,3.0,3.0
0.010821214737239905,1.6084643862170256e-06,0.011504535267626804,0.0,3.0,3.0
0.009865678632483749,1.2458575666232763e-06,0.011336904683420659,0.0,2.375,2.375
0.006645747138338401,1.3028147179085008e-06,0.009796960787227221,0.0,2.0,2.0
0.0035590554460053496,1.9697519511181556e-06,0.007979549562481413,0.0,2.0,2.0
0.002650094129425078,2.505349527786504e-06,0.0073364523169982074,0.0,2.0,2.0
0.002582442325449385,4.3850268122967705e-06,0.0068226520262499556,0.0,2.0,2.0
0.0024809646194858446,1.0592857173494629e-05,0.0064093670149934405,0.0,2.0,2.0
0.0024809646194858446,1.0317621033222477e-05,0.006084163776696231,0.0,1.375,1.375
0.002882537406248412,5.055305893231445e-06,0.0058842233992377705,0.0,1.0,1.0
0.004540690631421741,5.1578422396429365e-06,0.00600647381172109,0.0,1.0,1.0
0.010046761581251649,1.2087122078467088e-06,0.008050456928652994,0.0,1.0,1.0
0.012876224450879898,4.9201648749922346e-05,0.009048483210466333,7.521340050528455e-06,1.0,1.0
0.011541978252227683,1.1266014763789716e-06,0.003819772851025226,5.9703556425933955e-05,1.0,1.0
0.01001626811432735,0.00013658194922060195,0.010021652941531923,0.00013863869662495825,0.375,0.375
0.005302674147860363,8.225715929846908e-07,0.007909213274122471,8.050792559261307e-05,0.0,0.0
0.005168894650707348,6.328231065469985e-07,0.0033108055325279683,5.8862661265005304e-06,0.0,0.0
0.005028198470991918,6.666553978408718e-07,0.004445259931413511,0.0,0.0,0.0
0.005167211822277409,7.276475637161668e-06,0.006020275010520099,0.0,0.0,0.0
0.005167211822277409,5.36649436638701e-07,0.0067648439941027875,3.008536020211382e-05,0.0,0.0
0.005136504120573998,0.0003010889127005819,0.007740140744273569,0.0001522487405259145,0.625,0.625
0.006554103518028208,1.2082976768345228e-05,0.013973601599886082,0.0001376576522705415,1.0,1.0
0.008965106556564356,1.0695081113338154e-06,0.012739707835648057,1.0635766572486409e-05,1.0,1.0
0.010176031688895013,1.1609685643778426e-06,0.006903499390512585,0.0,1.0,1.0
0.009897197350082314,4.0466312115450295e-05,0.013534045810250145,0.0,1.0,1.0
0.010821214737239905,1.6216736136805274e-06,0.012380024618528416,0.0,1.0,1.0
0.009865678632483749,1.560476646256981e-06,0.012103023058099073,0.0,1.625,1.625
0.006645747138338401,1.4278726422580649e-06,0.010332587333452766,0.0,2.0,2.0
0.0035590554460053496,3.0162210161046764e-06,0.008440514441039349,0.0,2.0,2.0
0.002650094129425078,1.3283536292628564e-06,0.0077633872115534935,0.0,2.0,2.0
0.0027177459334007717,2.930264909387546e-06,0.007268385366578596,0.0,2.0,2.0
0.0024809646194858446,6.669149767714816e-06,0.006776292191523528,0.0,2.0,2.0
0.0024809646194858446,6.68610298078261e-06,0.006434093732904911,0.0,1.375,1.375
0.002882537406248412,2.0878961454147936e-06,0.006201070115154707,0.0,1.0,1.0
0.004371561121482508,1.3000387591314817e-06,0.006136167960810836,0.0,1.0,1.0
0.008425840183298587,1.2281260933755787e-06,0.006772019516485525,0.0,1.0,1.0
0.011111202732295539,9.94922702858293e-05,0.008092340368263515,7.568056448357825e-06,1.0,1.0
0.014311689833508246,1.139197756589544e-06,0.005306467491714788,4.690326342068676e-05,1.0,1.0
0.010623087650959737,7.868510247286602e-05,0.010555856433849558,8.717279834960309e-05,0.375,0.375
0.005287004376161951,8.752893521883517e-07,0.00797588039982151,0.00010472259180083615,0.0,0.0
0.005121590121637887,5.632383520747859e-07,0.0037552038094449073,0.0001431546150817973,0.0,0.0
0.005013193709528511,4.7176426642237234e-07,0.0055592480525167715,0.00015796371319370736,0.0,0.0
0.005107165319015567,6.9551817230917834e-06,0.007474725288544707,0.00015570575396528784,0.0,0.0
0.005123056657350937,4.329672226375765e-07,0.00844599980994141,0.00018797121273277223,0.0,0.0
0.005108395938005081,0.0003685979564590981,0.00862370072839256,0.00018625827814569535,1.875,1.875
0.006497684740848888,1.6518813564704727e-05,0.014208671727313231,0.0001438865053144574,3.0,3.0
0.008580524048903517,1.1077570600217631e-06,0.012874719444688548,1.1009497755121364e-05,3.0,3.0
0.010593037667463584,1.2500779382636508e-06,0.0072852296892431225,0.0,3.0,3.0
0.010139443510884395,5.316102354365409e-05,0.014014862920754484,0.0,3.0,3.0
0.010821214737239905,1.9547570525801176e-06,0.01274175520404877,0.0,3.0,3.0
0.010170111750374373,1.4206909938488994e-06,0.012342033599203812,0.0,2.375,2.375
0.007119309766168257,1.3921963740733242e-06,0.010660108574389265,0.0,2.0,2.0
0.0037958367599202777,3.3302979207925473e-06,0.008682507421768553,0.0,2.0,2.0
0.0027177459334007717,1.3260189793199826e-06,0.008097001886615003,0.0,2.0,2.0
0.0027177459334007717,1.4920481857619526e-06,0.007574196625816893,0.0,2.0,2.0
0.0024809646194858446,6.547419681995719e-06,0.007053217876829406,0.0,2.0,2.0
0.0024809646194858446,7.099779946969944e-06,0.0066914879087602895,0.0,0.75,0.75
0.002882537406248412,7.059272085545017e-06,0.006443189984230988,0.0,0.0,0.0
0.004371561121482508,4.511642012511246e-06,0.0063881891520551695,0.0,0.0,0.0
0.008425840183298587,1.204123186102587e-06,0.007160630781992787,0.0,0.0,0.0
0.011111202732295539,2.8717294677878767e-05,0.008464773444029784,6.867310480917286e-06,0.0,0.0
0.014292668505645466,1.1437150261153858e-06,0.00565826819473489,3.998923654194011e-05,0.0,0.0
0.010552420999067553,6.073487156958152e-05,0.010840867130798165,5.236908196672297e-05,0.0,0.0
0.005270193896319606,1.019441730815756e-06,0.007880321711610443,4.173331539423657e-06,0.0,0.0
0.005097646068425984,7.952549711522064e-07,0.0033681904529290225,2.3077900527708426e-05,0.0,0.0
0.004988318205873529,6.145029747840594e-07,0.005221190630456485,0.00012716203489154321,0.0,0.0
0.005107165319015567,3.278830188193445e-06,0.007442278432720301,0.00018306599096068845,0.0,0.0
0.005095963239996045,3.9730219783940967e-07,0.00849742933507498,0.00019082091300036375,0.0,0.0
0.005092348955647526,0.00033214408286765256,0.008769236023567993,0.0001839536025194465,1.875,1.875
0.006497684740848888,2.2047756653185367e-06,0.014343601480356792,0.00013454322574858355,3.0,3.0
0.008580524048903517,1.0979937490767291e-06,0.012975375991813424,2.816998789110968e-05,3.0,3.0
0.010601070801330414,1.2041814442726157e-06,0.007425755223549983,7.175638706591122e-05,3.0,3.0
0.010139443510884395,2.9972835894247934e-05,0.014149710117533203,5.979698922159269e-06,3.0,3.0
0.010821214737239905,1.865009657761161e-06,0.012886718046356388,0.0,3.0,3.0
0.010170111750374373,1.1999687751558967e-06,0.01251129984671033,0.0,1.125,1.125
0.007119309766168257,1.2632612576241508e-06,0.010865669174835382,0.0,0.0,0.0
0.0037958367599202777,3.1645433117323e-06,0.00888904115479897,0.0,0.0,0.0
0.0027177459334007717,1.2768324133056306e-06,0.008266629539696074,0.0,0.0,0.0
0.002582442325449385,1.422936723946895e-06,0.007716736135981768,0.0,0.0,0.0
0.0024809646194858446,4.385604916922431e-06,0.007267953523324192,0.0,0.0,0.0
0.0024809646194858446,5.426874568731249e-06,0.006898182659279061,0.0,0.625,0.625
0.002882537406248412,9.302654016673482e-06,0.006615766538926846,0.0,1.0,1.0
0.004540690631421741,1.2689568522625468e-05,0.006806519195919477,0.0,1.0,1.0
0.010046761581251649,1.2226362070930494e-06,0.008962103437186468,0.0,1.0,1.0
0.012876224450879898,1.224905681728678e-06,0.009848379679442517,9.389995963703226e-06,1.0,1.0
0.011475626472222012,1.1607238491704617e-06,0.00447478737259087,3.7559983854812904e-05,1.0,1.0
0.010072899263090846,6.407776575792662e-05,0.010338423612260632,2.6488197569252385e-05,0.375,0.375
0.005231710930549935,9.137326338023047e-07,0.008688635669824099,9.343279565873857e-05,0.0,0.0
0.005202500887765914,7.062029487947472e-07,0.003722769065266608,7.786066304894881e-06,0.0,0.0
0.005055311173722924,6.421498666259849e-07,0.005170957485443421,3.410297041543958e-05,0.0,0.0
0.005145712083119216,1.3750354733407317e-06,0.007913406261514275,0.00013641188166175832,0.0,0.0
0.005177806047834322,5.702757417686399e-07,0.007937655669573692,1.1367656805146527e-05,0.0,0.0
0.005157692571687826,0.0003483713775341232,0.007857431110262115,0.0,1.25,1.25
0.006573047023879899,1.788629383169883e-06,0.013793656093651152,0.0,2.0,2.0
0.008979898900911498,1.132825762031835e-06,0.012915225679146413,1.7285067196866637e-05,2.0,2.0
0.01014230837856649,1.1318567854329579e-06,0.007405179132227987,6.914026878746655e-05,2.0,2.0
0.00989222424593959,3.040245912933054e-06,0.014187969975171978,5.761689065622212e-06,2.0,2.0
0.010821214737239905,1.5696301093860006e-06,0.013041904632270286,0.0,2.0,2.0
0.009865678632483749,1.417105841923624e-06,0.012789347506073134,0.0,2.0,2.0
0.006645747138338401,1.3750511042991357e-06,0.011003431322083462,0.0,2.0,2.0
0.0035590554460053496,3.2194182522212312e-06,0.009016808466715947,0.0,2.0,2.0
0.002650094129425078,1.3244030644495922e-06,0.008253910028614477,0.0,2.0,2.0
0.002582442325449385,1.4814911195456417e-06,0.00776100467536862,0.0,2.0,2.0
0.0024809646194858446,4.946786659416835e-06,0.007334934816718471,0.0,2.0,2.0
0.0024809646194858446,4.212005594742916e-06,0.006972420933245162,0.0,0.75,0.75
0.002882537406248412,7.926737151109812e-06,0.006702705213108879,0.0,0.0,0.0
0.004540690631421741,1.1409221960104144e-05,0.006894400199932731,0.0,0.0,0.0
0.010046761581251649,1.2051555687674469e-06,0.009046707544111503,0.0,0.0,0.0
0.012876224450879898,1.2134359706381836e-06,0.009951490578494102,8.829399189750796e-06,0.0,0.0
0.01148792271138627,1.146517559755581e-06,0.004558019496684941,3.531759675900318e-05,0.0,0.0
0.010104881308553157,5.15357003738728e-05,0.01029558296041361,2.9431330632502652e-06,0.0,0.0
0.005302066294397755,1.028142775143174e-06,0.008181622434944264,2.7142227138863557e-05,0.0,0.0
0.005125754250994902,6.698390243917408e-07,0.0043848198320861195,0.00010856890855545423,0.0,0.0
0.005057096163358523,5.243049298386172e-07,0.00548625327813645,9.047409046287852e-06,0.0,0.0
0.0051618368874878605,8.325879665245599e-07,0.007127745678719235,3.597162632861435e-05,0.0,0.0
0.005145712083119216,4.1844335962789694e-07,0.00908654283182511,0.0001438865053144574,0.0,0.0
0.005141801233352454,0.0002908205188565299,0.008610908816187708,1.1990542109538117e-05,1.875,1.875
0.006565305597047731,1.6858284552427406e-06,0.014309972833867934,0.0,3.0,3.0
0.008976308635583878,1.1347745119211605e-06,0.013368600402219315,1.639745563810862e-05,3.0,3.0
0.010142053005528789,1.2007108626610288e-06,0.0076913209049426215,6.558982255243448e-05,3.0,3.0
0.009895584869645447,2.5567709469863157e-06,0.01443304105407726,5.465818546036207e-06,3.0,3.0
0.010821214737239905,1.7883294997169595e-06,0.0132424166116357,0.0,3.0,3.0
0.009865678632483749,1.374312161444182e-06,0.012956252753475938,0.0,2.375,2.375
0.006645747138338401,1.3111699708275344e-06,0.01117258126931071,0.0,2.0,2.0
0.0035590554460053496,3.0222109939871843e-06,0.009200802074843459,0.0,2.0,2.0
0.002650094129425078,1.2864104150287988e-06,0.008443189622958692,0.0,2.0,2.0
0.002582442325449385,1.452935636370304e-06,0.007940169235976898,0.0,2.0,2.0
0.0024809646194858446,1.5330662010190943e-06,0.007513459206633519,0.0,2.0,2.0
0.0024809646194858446,7.331491453677798e-06,0.007132039896289751,0.0,1.375,1.375
0.002882537406248412,6.009438549828453e-06,0.006855631340368838,0.0,1.0,1.0
0.004540690631421741,8.813122532478765e-06,0.007198516715904694,0.0,1.0,1.0
0.010046761581251649,1.2039292819508947e-06,0.009406099491243205,0.0,1.0,1.0
0.012881825490389662,1.1991251181543634e-06,0.010220322320019367,2.2423870958097256e-06,1.0,1.0
0.011607114325308136,1.171216600309683e-06,0.004747715155830589,1.3267456983540878e-05,1.0,1.0
0.01012462240913134,1.346296428780618e-05,0.010516272290526603,2.3778646495148968e-05,1.0,1.0
0.005395137104328983,1.0864096289754758e-06,0.008201750770200937,2.4790835114785303e-05,1.0,1.0
0.005303899780953492,1.0070802809590222e-06,0.0033320041644305802,1.9465165762237204e-06,1.0,1.0
0.005133259386060202,9.526635906503727e-07,0.004208430076476161,8.969548383238902e-06,1.0,1.0
0.0052120201383554976,2.9114990634178156e-06,0.005985846313236619,4.5501771485805683e-05,1.0,1.0
0.0052120201383554976,6.837924420499686e-07,0.006738985446061204,5.17150523971118e-05,1.0,1.0
0.005181312436652086,2.530571819301182e-05,0.00706154263830747,5.5063060908216606e-05,2.875,2.875
0.006606653260938464,1.044790648916786e-05,0.012847268137098588,4.7136845409833614e-05,4.0,4.0
0.009071317887037359,1.2047479344735428e-06,0.011604586180517313,1.9247155905700144e-05,4.0,4.0
0.010195040797061154,1.368721338110573e-06,0.006019568649949351,6.241310750003737e-05,4.0,4.0
0.009897197350082314,7.664470963295172e-05,0.012562410342257553,5.2010922916697804e-06,4.0,4.0
0.010821214737239905,1.717070495194978e-06,0.01154541449985842,0.0,4.0,4.0
0.009865678632483749,8.059607189005105e-07,0.011506019778239798,0.0,2.125,2.125
0.006645747138338401,1.1340656977893922e-06,0.009986750804896916,0.0,1.0,1.0
0.0035590554460053496,1.5284820990504228e-06,0.008146912877544444,0.0,1.0,1.0
0.002650094129425078,1.233152072549729e-06,0.007502089757460203,0.0,1.0,1.0
0.002582442325449385,3.89020918624381e-06,0.006984012184493818,0.0,1.0,1.0
0.0024809646194858446,7.847485758149807e-06,0.006565665090068502,0.0,1.0,1.0
0.0024809646194858446,5.5892298209832045e-06,0.006242165673569695,0.0,1.0,1.0
0.002882537406248412,2.491292683366595e-06,0.00603547191637835,0.0,1.0,1.0
0.004540690631421741,4.359704768127337e-06,0.006138273029157247,0.0,1.0,1.0
0.010046761581251649,1.201375635609098e-06,0.008179003903599144,0.0,1.0,1.0
0.012881825490389662,3.0511043155838376e-05,0.009191402582222516,1.6817903218572944e-06,1.0,1.0
0.011612002953415556,1.1757241645916686e-06,0.00381912946545578,9.950592737655658e-06,1.0,1.0
0.010132363835963505,0.00011116239104401175,0.00954822134057181,1.784566397081907e-05,0.375,0.375
0.005392692790275273,9.98280226807516e-07,0.007390697713314063,2.4012228484295814e-05,0.0,0.0
0.005202500887765914,8.096176137984131e-07,0.003326834968036453,2.9119887980306856e-05,0.0,0.0
0.00511557790407207,6.722369351770611e-07,0.004115525729297831,2.6457053304032806e-05,0.0,0.0
0.00531130538014931,8.242449704569276e-07,0.005050022757068434,9.389995963703226e-06,0.0,0.0
0.005227911476690867,7.432364016079973e-07,0.00556470184785297,2.933789783684391e-05,0.0,0.0
0.00526890929274425,8.958901375406407e-07,0.005912786298428996,1.0807060031194097e-05,0.0,0.0
0.006619691800549088,2.0986993849978133e-05,0.011260923558834533,3.344894084582841e-05,0.0,0.0
0.009110768952833654,1.1296658225994353e-06,0.009968649377405374,2.7874117371523676e-06,0.0,0.0
0.01027091422439048,1.182517651294356e-06,0.005532182892688599,0.0,0.0,0.0
0.009900557973788167,6.516461489648082e-05,0.011604141457231059,0.0,0.0,0.0
0.010821214737239905,1.4109076112198384e-06,0.010829785347871148,0.0,0.0,0.0
0.009865678632483749,1.5416862159085219e-06,0.010832838606531106,0.0,0.625,0.625
0.006645747138338401,1.3435531172003862e-06,0.009375539879071823,0.0,1.0,1.0
0.0035590554460053496,1.599998871405103e-06,0.0076071352730336895,0.0,1.0,1.0
0.002650094129425078,2.843623160281176e-06,0.006993430212865684,0.0,1.0,1.0
0.002582442325449385,5.18117928066369e-06,0.006497887065489502,0.0,1.0,1.0
0.0024809646194858446,3.617524810148377e-06,0.006122323971679793,0.0,1.0,1.0
0.0024809646194858446,1.085347544561865e-06,0.005862476552560302,0.0,0.375,0.375
0.002882537406248412,1.1944482186187647e-06,0.005689444678046416,0.0,0.0,0.0
0.004540690631421741,1.2238271522974427e-06,0.005822862453362672,0.0,0.0,0.0
0.010046761581251649,1.19271371182851e-06,0.007669176223779671,0.0,0.0,0.0
0.012881825490389662,0.00039904228848259546,0.008693797474030204,6.026415319988638e-06,0.0,0.0
0.011588170819456447,1.1601645146803665e-06,0.003596691838489273,2.4105661279954552e-05,0.0,0.0
0.010104881308553157,0.00014182428113569234,0.00913228942318308,2.0088051066628793e-06,0.0,0.0
0.005318565486195733,1.0453200427490882e-06,0.00708638964939402,1.9994618270970054e-05,0.0,0.0
0.005181312436652086,7.107365376877012e-07,0.00355159467866914,0.00011623039779947079,0.0,0.0
0.005034692005319477,5.562434963862372e-07,0.005064518196990054,0.00017708629203852917,0.0,0.0
0.00517841390129693,2.8858684931753804e-06,0.0065840644194722535,0.00011373885658190442,0.0,0.0
0.00517841390129693,4.997054993521211e-07,0.006870908659828858,3.75755559874227e-05,0.0,0.0
0.00514770619959352,0.0003110872740057931,0.00777456879846724,0.00015005306982793416,0.625,0.625
0.006580576181717216,1.3339985754716063e-05,0.014066427646591448,0.00017400300978179082,1.0,1.0
0.008978072378642038,1.0185559092277415e-06,0.013077091374178057,0.0001302453171482816,1.0,1.0
0.010203840050041092,1.0544934097132294e-06,0.007021990509029178,9.919448472436079e-06,1.0,1.0
0.009897197350082314,5.332282933166541e-05,0.013557489353362795,0.0,1.0,1.0
0.010821214737239905,1.6712080852915396e-06,0.012386178085530697,0.0,1.0,1.0
0.009865678632483749,1.580989077006206e-06,0.012089237033969675,0.0,1.625,1.625
0.006645747138338401,1.4404519952214996e-06,0.010307294721615352,0.0,2.0,2.0
0.0035590554460053496,3.191345344116491e-06,0.008417869186281743,0.0,2.0,2.0
0.002650094129425078,1.3020992693894069e-06,0.007727088158679457,0.0,2.0,2.0
0.0027177459334007717,3.598389669000753e-06,0.007222273806065571,0.0,2.0,2.0
0.0024809646194858446,9.399251881323358e-06,0.006736622746486145,0.0,2.0,2.0
0.0024809646194858446,9.840958943876028e-06,0.006353257590072902,0.0,2.0,2.0
0.002882537406248412,1.4528356824761055e-05,0.00610283855658015,0.0,2.0,2.0
0.004371561121482508,1.6741176988248446e-05,0.006062313092723651,0.0,2.0,2.0
0.008425840183298587,1.2375552281667825e-06,0.006979171686730132,0.0,2.0,2.0
0.011116803771805298,3.207553372420706e-06,0.008230282030180646,6.680444889599809e-06,2.0,2.0
0.014350671005356362,1.1061347347343071e-06,0.005415051126533782,4.32126679921666e-05,2.0,2.0
0.010632531091399248,0.00011980474365021798,0.010828907431476258,9.08011052476841e-05,2.0,2.0
0.00532072253247331,8.514033921705102e-07,0.008263107777516522,0.0001186440783539882,2.0,2.0
0.005097957356470349,4.917680102470121e-07,0.003965158090886343,0.00013016745648523263,2.0,2.0
0.005009817945031723,4.166675277005497e-07,0.005790959342883013,0.0001700476880989042,2.0,2.0
0.005117915188594663,9.014192032254222e-06,0.007741025803833306,0.0001827078319106633,2.0,2.0
0.005107165319015567,4.4362561056631407e-07,0.008443867009613044,0.00013656760298785622,2.0,2.0
0.005031649301234068,0.0004873523894519635,0.008099423588617828,4.3991274622656084e-05,2.0,2.0
0.006495396070817361,3.183751459216389e-05,0.014258821357746119,0.00016397455638108622,2.0,2.0
0.008662504699068017,1.057949491000386e-06,0.013231534714683897,0.0001423760084513078,2.0,2.0
0.010662514667852554,1.109377789611409e-06,0.0074491432824904235,6.07001729129605e-05,2.0,2.0
0.010142804134590254,4.787989011715853e-05,0.014088271514435886,4.235620069862816e-06,2.0,2.0
0.010821214737239905,1.9417821498340303e-06,0.012800689102680785,0.0,2.0,2.0
0.010170111750374373,1.397613757568112e-06,0.01239827277707382,0.0,1.375,1.375
0.007119309766168257,1.3799738787893636e-06,0.010716126536620676,0.0,1.0,1.0
0.0037958367599202777,3.0417158197667104e-06,0.008747280787486928,0.0,1.0,1.0
0.0027177459334007717,1.3021523501868622e-06,0.008143646472960491,0.0,1.0,1.0
0.0027177459334007717,1.408611144543347e-06,0.007588837917747297,0.0,1.0,1.0
0.0024809646194858446,5.548389482133325e-06,0.007076214309979454,0.0,1.0,1.0
0.0024809646194858446,6.225076075685331e-06,0.006679640099132545,0.0,1.625,1.625
0.002882537406248412,1.0194693267831037e-05,0.006410066940704781,0.0,2.0,2.0
0.004371561121482508,1.358500044842195e-05,0.006452827592490923,0.0,2.0,2.0
0.008425840183298587,1.2214517437997751e-06,0.007408555606622608,0.0,2.0,2.0
0.011116803771805298,1.2207743605804575e-06,0.008575512723191634,6.446862900452962e-06,2.0,2.0
0.014318003284420348,1.1034774305986606e-06,0.0059117315556901275,3.919505777884083e-05,2.0,2.0
0.010567317196307706,0.00011255824093784943,0.011293104379063383,5.577937900826693e-05,2.0,2.0
0.005251858243930526,1.0153654939650476e-06,0.008209939552395946,4.469202059009662e-06,2.0,2.0
0.005092348955647526,6.436308135269031e-07,0.0035341673882953862,0.0,2.0,2.0
0.004965914047834486,5.261748037826237e-07,0.004966449701145714,2.887073385855022e-05,2.0,2.0
0.005073559081957,8.911145522673487e-07,0.007412099282939858,0.00015145456176281525,2.0,2.0
0.0050623570029374775,2.615859269165251e-07,0.008701730337736977,0.00018667872572615969,2.0,2.0
0.005054053459273112,0.0005289080801543952,0.009138668093730687,0.00017820748558643404,1.375,1.375
0.00649295175676365,1.2542497810191724e-05,0.015041465649016322,0.00017465703935140198,1.0,1.0
0.008587662726751226,1.022658431418454e-06,0.013967915941314853,0.00012890611374383965,1.0,1.0
0.010617903188177189,1.0455837247353502e-06,0.008073205642730898,9.81044354416755e-06,1.0,1.0
0.010139443510884395,2.4517745003173565e-05,0.014871130748097237,0.0,1.0,1.0
0.010821214737239905,1.6615166348569205e-06,0.013644437735927165,0.0,1.0,1.0
0.010170111750374373,1.4432890955968028e-06,0.013314875935129795,0.0,1.625,1.625
0.007119309766168257,1.3947322723360763e-06,0.011565929904491436,0.0,2.0,2.0
0.0037958367599202777,2.7958014626475105e-06,0.00950755349202036,0.0,2.0,2.0
0.0027177459334007717,1.3327176711697943e-06,0.008837594908918354,0.0,2.0,2.0
0.002582442325449385,1.4962481712203987e-06,0.00825537550215242,0.0,2.0,2.0
0.0024809646194858446,1.5678850632891916e-06,0.007739635343642932,0.0,2.0,2.0
0.0024809646194858446,5.868676793968721e-06,0.007306328806251399,0.0,0.75,0.75
0.002882537406248412,5.030903508180105e-06,0.006969592854204088,0.0,0.0,0.0
0.004540690631421741,8.140469642496654e-06,0.007204480467270465,0.0,0.0,0.0
0.010046761581251649,1.2207674108884077e-06,0.009321200760862347,0.0,0.0,0.0
0.012881825490389662,1.235945765185932e-06,0.010169889227921922,5.652684137353684e-06,0.0,0.0
0.011590615133510158,1.1960264582779834e-06,0.004672595732854573,2.2610736549414737e-05,0.0,0.0
0.01012454458712025,0.00013251603841494487,0.010614272976574215,1.842183287738129e-05,0.0,0.0
0.0053109797033857485,1.023870456784966e-06,0.008605515089704134,6.615041932638692e-05,0.0,0.0
0.005191906662209,7.464322363873093e-07,0.0039632323637038246,2.8964166654208956e-05,0.0,0.0
0.0050682982423780444,5.986413387842188e-07,0.005995439088536485,9.380652684137352e-05,0.0,0.0
0.005200818059335976,1.0452840748736652e-06,0.00747152904820616,3.594048206339477e-05,0.0,0.0
0.005167211822277409,3.867311753001745e-07,0.008877293694157785,0.00014767053353863631,0.0,0.0
0.005181312436652086,0.00043786557998880705,0.009672503509438287,0.00018357987133681153,1.25,1.25
0.00659906747812848,2.0192640877603965e-06,0.01591772771522147,0.000174952909870988,2.0,2.0
0.009003614592568277,1.0659650612767602e-06,0.014633799297695399,0.00013921486553152048,2.0,2.0
0.010214816024340403,1.1293986462068007e-06,0.008288147179981985,5.403530015597047e-05,2.0,2.0
0.009900557973788167,2.3161510789626162e-06,0.014985509451492254,0.0,2.0,2.0
0.010821214737239905,1.819120423438094e-06,0.013787843097372724,0.0,2.0,2.0
0.009865678632483749,1.3529662358517232e-06,0.013405129345632427,0.0,0.75,0.75
0.006645747138338401,1.3326277854224698e-06,0.011523286753407948,0.0,0.0,0.0
0.0035590554460053496,2.6800793431973253e-06,0.009505211727706537,0.0,0.0,0.0
0.002650094129425078,1.294981457933352e-06,0.008717394510481695,0.0,0.0,0.0
0.002582442325449385,1.4244303753649126e-06,0.008202076248230664,0.0,0.0,0.0
0.0024809646194858446,1.457026350581183e-06,0.007770812228578736,0.0,0.0,0.0
0.0024809646194858446,6.999932663254827e-06,0.007336011127336006,0.0,1.25,1.25
0.002882537406248412,5.110328212901642e-06,0.007005639921197034,0.0,2.0,2.0
0.004540690631421741,8.033989648379909e-06,0.007314464530246459,0.0,2.0,2.0
0.010046761581251649,1.2758930439759382e-06,0.009401878400643307,0.0,2.0,2.0
0.012876224450879898,1.2753793016116962e-06,0.010182367932979986,8.362235211457103e-06,2.0,2.0
0.011550205985741977,1.2015104670249182e-06,0.004724693945146543,3.344894084582841e-05,2.0,2.0
0.010110256243342707,9.23177095291378e-05,0.01057765214838079,2.7874117371523676e-06,1.375,1.375
0.005302066294397755,1.0025524354148713e-06,0.008351245123936833,3.08795389652131e-05,1.0,1.0
0.005125754250994902,6.482911090719971e-07,0.004470410698868834,0.0001235181558608524,1.0,1.0
0.005045894084339001,5.210872641080042e-07,0.005773099606280375,4.659182076849097e-05,1.0,1.0
0.005145712083119216,6.250575257726381e-07,0.008402400452180206,0.00014519456445367975,1.0,1.0
0.005167211822277409,4.967971492153004e-07,0.008270246279896845,1.2099547037806645e-05,1.0,1.0
0.005141801233352454,0.0003912398276321856,0.008205080085940971,0.0,1.625,1.625
0.006565305597047731,1.161718905723545e-06,0.01425188680005806,0.0,2.0,2.0
0.008976308635583878,1.1193568105463333e-06,0.01340918015767027,1.0417756715949352e-05,2.0,2.0
0.010173088848462535,1.1281359475844016e-06,0.007736262739237552,4.167102686379741e-05,2.0,2.0
0.009900557973788167,2.0097473267282213e-06,0.014510038395399319,0.0,2.0,2.0
0.010821214737239905,1.6156557777698867e-06,0.013395245144202024,0.0,2.0,2.0
0.009865678632483749,1.4978481260677941e-06,0.013128506445218749,0.0,2.625,2.625
0.006645747138338401,1.4279813910241028e-06,0.011275869865063803,0.0,3.0,3.0
0.0035590554460053496,3.047593019351489e-06,0.009268056006238298,0.0,3.0,3.0
0.002650094129425078,1.341862431032623e-06,0.008479723609730259,0.0,3.0,3.0
0.002582442325449385,1.525622919322499e-06,0.007931860222010478,0.0,3.0,3.0
0.0024809646194858446,3.87435107790137e-06,0.007478427335258741,0.0,3.0,3.0
0.0024809646194858446,3.643962107918549e-06,0.007116490720262831,0.0,1.125,1.125
0.002882537406248412,6.444351497651777e-06,0.006860060423401398,0.0,0.0,0.0
0.004540690631421741,9.659872223224926e-06,0.007063366159538999,0.0,0.0,0.0
0.010046761581251649,1.2057102538719634e-06,0.009206505038107158,0.0,0.0,0.0
0.012881825490389662,1.2135909520813816e-06,0.010036299657643286,2.6161182784446803e-06,0.0,0.0
0.011612002953415556,1.1790470587380635e-06,0.004614142586541232,1.6257306444620514e-05,0.0,0.0
0.01012706672318505,3.9712131553849894e-05,0.010316429899967986,2.4043372749515393e-05,0.625,0.625
0.005437261165907784,1.116213887369472e-06,0.00786946506448799,1.1881537181269588e-05,1.0,1.0
0.005191906662209,8.649275014483839e-07,0.003551086594563023,5.134132121447685e-05,1.0,1.0
0.0050682982423780444,6.503270146075368e-07,0.004938913493245713,6.231967470437863e-05,1.0,1.0
0.0052120201383554976,3.745273321326176e-06,0.006698330997924972,6.910912452224696e-05,1.0,1.0
0.0052120201383554976,4.6693000260758337e-07,0.007458792606763994,7.463723159872233e-05,1.0,1.0
0.005181312436652086,0.0003061993458286391,0.007842503414742423,8.011862227736834e-05,1.0,1.0
0.006598911834106298,1.4257142988995491e-06,0.013891093214024933,6.923370158312529e-05,1.0,1.0
0.009067296338673076,1.1030178441198725e-06,0.012647221374663689,1.5213973559764598e-05,1.0,1.0
0.010217758864772877,1.1503944210596203e-06,0.0069559425724005355,3.942863976798768e-05,1.0,1.0
0.009900557973788167,3.5579591989473196e-06,0.013644017367043772,0.0,1.0,1.0
0.010821214737239905,1.5157916401325623e-06,0.01266807509108772,0.0,1.0,1.0
0.009865678632483749,1.2428045984314923e-06,0.012499020597853905,0.0,0.375,0.375
0.006645747138338401,1.2648743678798244e-06,0.010747052665594985,0.0,0.0,0.0
0.0035590554460053496,3.1204655471257277e-06,0.008796053559800615,0.0,0.0,0.0
0.002650094129425078,1.2619880271815618e-06,0.008066803845530662,0.0,0.0,0.0
0.002582442325449385,1.3756005750710496e-06,0.007614379156808766,0.0,0.0,0.0
0.0024809646194858446,3.842380785027097e-06,0.007253147832251863,0.0,0.0,0.0
0.0024809646194858446,5.30824349831387e-06,0.006886724895496779,0.0,0.0,0.0
0.002882537406248412,7.908496949327644e-06,0.0066096542075671115,0.0,0.0,0.0
0.004540690631421741,1.1187479839227224e-05,0.006837829436414236,0.0,0.0,0.0
0.010046761581251649,1.2076603506972232e-06,0.008987789303231105,0.0,0.0,0.0
0.012876224450879898,1.2123915022397939e-06,0.009885501786479246,6.914026878746655e-06,0.0,0.0
0.011534236825395517,1.1467308799173471e-06,0.0045433465651028866,4.3399533583484074e-05,0.0,0.0
0.009998384671378696,4.374367230105387e-05,0.010509147004173136,6.527837990023869e-05,0.625,0.625
0.00532875122708161,1.0787911004167701e-06,0.008028725044367096,5.24780868949915e-06,1.0,1.0
0.005202500887765914,9.484332800689227e-07,0.0033825694206622496,0.0,1.0,1.0
0.005061804708050483,8.197373533406719e-07,0.00467433428781289,3.522416396334444e-05,1.0,1.0
0.005151087017908765,1.7494022286172468e-06,0.007348967426291443,0.00014089665585337777,1.0,1.0
0.005167211822277409,5.064049723590716e-07,0.0075724203127500835,4.6825402757637814e-05,1.0,1.0
0.005120379316205352,5.795674998294078e-05,0.0084948543907668,0.00014033605907942535,4.125,4.125
0.006578951990120963,4.514716892370352e-05,0.013889659563255564,1.1694671589952111e-05,6.0,6.0
0.008994691245258639,1.0465915588252804e-06,0.012750306451604387,0.0,6.0,6.0
0.010209470357868344,1.0484326987962864e-06,0.007028059519707665,0.0,6.0,6.0
0.009900557973788167,5.565944098688261e-05,0.013772899738013407,0.0,6.0,6.0
0.010821214737239905,2.1950783496700485e-06,0.012623702226462273,0.0,6.0,6.0
0.009865678632483749,1.0533180988914276e-06,0.012338085832885178,0.0,2.875,2.875
0.006645747138338401,1.2444545841007759e-06,0.010573939022643681,0.0,1.0,1.0
0.0035590554460053496,2.266384550214397e-06,0.008674722929519665,0.0,1.0,1.0
0.002650094129425078,1.286327798188462e-06,0.007931677773318662,0.0,1.0,1.0
0.002582442325449385,2.8215667988679846e-06,0.007313741872761319,0.0,1.0,1.0
0.0024809646194858446,5.234302884086271e-06,0.006840308942210921,0.0,1.0,1.0
0.0024809646194858446,9.05382146924001e-06,0.006491363618904324,0.0,0.375,0.375
0.002882537406248412,1.3464159267871742e-05,0.006224401868046847,0.0,0.0,0.0
0.004540690631421741,1.5782045733676143e-05,0.0064452164409719735,0.0,0.0,0.0
0.010046761581251649,1.1802357046324616e-06,0.008668815017584292,0.0,0.0,0.0
0.012876224450879898,1.1857498025373054e-06,0.00955918319930891,4.6716397829369285e-06,0.0,0.0
0.011585240198720611,1.138260575134311e-06,0.004315511398130106,1.8686559131747714e-05,0.0,0.0
0.010168626656070632,0.00013990624140721139,0.010010408338246622,1.5572132609789762e-06,0.625,0.625
0.005406925839772687,1.1050297744009151e-06,0.007485944710920035,0.0,1.0,1.0
0.00523102228104087,9.461405411442104e-07,0.003161862921410317,0.0,1.0,1.0
0.005066513252742446,7.900002392617216e-07,0.004160388734254874,2.4712974451736356e-05,1.0,1.0
0.005156461952698313,6.286942343325283e-06,0.006729084208462066,9.885189780694543e-05,1.0,1.0
0.005206115172114431,4.814448130177438e-07,0.006960045561539876,3.6921526417811524e-05,1.0,1.0
0.005120379316205352,0.00017373086397010304,0.008036502370205896,0.00011473547306893097,2.25,2.25
0.006621528261140191,5.549639723872388e-05,0.013473999708792012,9.561289422410914e-06,3.0,3.0
0.00905295620376636,1.093059567179274e-06,0.012272121462967946,0.0,3.0,3.0
0.010231903784224875,1.1989005538394927e-06,0.006622761327224983,0.0,3.0,3.0
0.009900557973788167,4.086430204559005e-05,0.013295365884855106,0.0,3.0,3.0
0.010821214737239905,1.800163623841425e-06,0.012278565226820661,0.0,3.0,3.0
0.009865678632483749,1.054588500988839e-06,0.012089262822194845,0.0,1.125,1.125
0.006645747138338401,1.1791069073966545e-06,0.010349366211760193,0.0,0.0,0.0
0.0035590554460053496,2.9174947049008092e-06,0.008468831235147904,0.0,0.0,0.0
0.002650094129425078,1.2571971200343317e-06,0.007835630222611648,0.0,0.0,0.0
0.0027177459334007717,2.3046296698622968e-06,0.007381853795079224,0.0,0.0,0.0
0.0024809646194858446,4.5179491864857055e-06,0.006899931786786197,0.0,0.0,0.0
0.0024809646194858446,8.845682586072516e-06,0.006517613964120794,0.0,0.0,0.0
0.002882537406248412,7.464450549098921e-06,0.006253059576057086,0.0,0.0,0.0
0.004371561121482508,9.02669190545366e-06,0.006167858583057545,0.0,0.0,0.0
0.008425840183298587,1.281695277152467e-06,0.00702209532914256,0.0,0.0,0.0
0.011116803771805298,1.2092501002961622e-06,0.008303622466902218,4.905221772083775e-06,0.0,0.0
0.014328189025306227,1.1586719836251193e-06,0.005531439583053779,1.96208870883351e-05,0.0,0.0
0.010579670060444628,0.000109796329584305,0.010540051574320112,1.8452977142600868e-05,1.875,1.875
0.005277426488738682,1.0069549145329038e-06,0.008008701874540928,9.79642862481874e-05,3.0,3.0
0.005097957356470349,5.181622843231212e-07,0.004014890171246915,0.00016402127277891557,3.0,3.0
0.004988318205873529,3.431629081742145e-07,0.005918993718554025,0.0001798114152452424,3.0,3.0
0.005107165319015567,7.921687836620849e-06,0.007488181101092083,0.00011988984896277138,3.0,3.0
0.005095963239996045,4.4313877042543354e-07,0.007607563404485175,4.044082838762401e-05,3.0,3.0
0.005065255538292634,0.0004593231827029693,0.008399548723989179,0.0001589759018133437,2.375,2.375
0.006484646201238263,1.926436956253087e-05,0.014262864239005862,0.0001433414806731148,2.0,2.0
0.008604281593367829,1.0770450189666567e-06,0.012872719971111278,1.952745429267636e-05,2.0,2.0
0.010648625121438257,1.1821588531258685e-06,0.0072799922764606294,3.3822672028463364e-05,2.0,2.0
0.010142804134590254,5.1036238260919644e-05,0.013987772040383362,0.0,2.0,2.0
0.010821214737239905,1.8338709639444334e-06,0.012772189378602456,0.0,2.0,2.0
0.010170111750374373,1.3586803155459638e-06,0.012417468550548785,0.0,1.375,1.375
0.007119309766168257,1.3512994269773237e-06,0.010748903057174129,0.0,1.0,1.0
0.0037958367599202777,3.2973645392831226e-06,0.00878410212660766,0.0,1.0,1.0
0.0027177459334007717,1.3046931186206e-06,0.008209284506751515,0.0,1.0,1.0
0.0027177459334007717,1.4447820116181341e-06,0.007678713795884004,0.0,1.0,1.0
0.0024809646194858446,3.903216541771474e-06,0.007162168651769484,0.0,1.0,1.0
0.0024809646194858446,6.7243813084162895e-06,0.00676211440899334,0.0,1.0,1.0
0.002882537406248412,1.0702812081035745e-05,0.006465585761852982,0.0,1.0,1.0
0.004371561121482508,9.499152252597389e-06,0.006407594725493544,0.0,1.0,1.0
0.008425840183298587,1.2625242489873817e-06,0.007281707902807925,0.0,1.0,1.0
0.011116803771805298,7.902248141603223e-06,0.00853953990677331,4.811788976425036e-06,1.0,1.0
0.014361873084375884,1.163194281831307e-06,0.005704316990305206,3.6905954285201736e-05,1.0,1.0
0.010597088393749579,0.00010224776162357065,0.01111322584566413,8.929060838453449e-05,0.375,0.375
0.00528280142352823,8.956189182890504e-07,0.008506393756160703,0.00010539219350305712,0.0,0.0
0.0050925824216808005,5.660697580869391e-07,0.004359498355990334,0.00015555003263918992,0.0,0.0
0.004988318205873529,4.859309429843915e-07,0.006022510448833004,0.00010909836106418707,0.0,0.0
0.005107165319015567,3.3764658605783173e-06,0.0072673717141433745,3.816729702659471e-05,0.0,0.0
0.005073559081957,4.793067054336326e-07,0.00846441718674723,0.00011978084403450286,0.0,0.0
0.005042851380253589,0.0005228741870633204,0.008344583413479462,4.310366306389806e-05,1.875,1.875
0.006495396070817361,1.8508076653933863e-06,0.014572065862850668,0.0001604708265438835,3.0,3.0
0.008648164564161299,1.0607098673098533e-06,0.013587014689573492,0.00012325342960648597,3.0,3.0
0.010679347054699325,1.1258521531426084e-06,0.007708737881864877,1.0448900981168931e-05,3.0,3.0
0.010142804134590254,3.06716596266286e-05,0.01449600052613711,0.0,3.0,3.0
0.010821214737239905,1.8072005672250985e-06,0.013383454681159692,0.0,3.0,3.0
0.010170111750374373,1.454672206749847e-06,0.013016362983947174,0.0,2.375,2.375
0.007119309766168257,1.4221682826280328e-06,0.011277040378923879,0.0,2.0,2.0
0.0037958367599202777,3.04294679031662e-06,0.00922670834689179,0.0,2.0,2.0
0.0027177459334007717,1.3880073953450284e-06,0.008523024243980366,0.0,2.0,2.0
0.002582442325449385,1.640396626214708e-06,0.007928501036438438,0.0,2.0,2.0
0.0024809646194858446,3.1026508238108472e-06,0.007411213100261064,0.0,2.0,2.0
0.0024809646194858446,4.4514061627119816e-06,0.0069961095985711505,0.0,2.0,2.0
0.002882537406248412,1.5764139646358787e-06,0.00668653299071367,0.0,2.0,2.0
0.004540690631421741,1.3617153308883209e-06,0.006721010923108332,0.0,2.0,2.0
0.010046761581251649,1.2454669707645104e-06,0.008714956931666695,0.0,2.0,2.0
0.012881825490389662,3.494018759465316e-05,0.009683544786961467,2.569401880615311e-06,2.0,2.0
0.011642148538286767,1.1816543386593713e-06,0.00414642151754076,1.0277607522461244e-05,2.0,2.0
0.010223090681583079,0.00011357270473936755,0.009815315387855439,8.56467293538437e-07,2.0,2.0
0.00542353695082346,1.1003064768158639e-06,0.007391508335253694,1.1772532253001061e-05,2.0,2.0
0.005191906662209,8.935088178089689e-07,0.0033148311878770332,4.7090129012004243e-05,2.0,2.0
0.005122716631458792,7.492941751069334e-07,0.003934317241480968,3.92417741766702e-06,2.0,2.0
0.005227911476690867,7.737899274277304e-07,0.005161848582074327,1.6677754025084836e-05,2.0,2.0
0.00517841390129693,6.349701708554609e-07,0.0062545429087817175,6.671101610033934e-05,2.0,2.0
0.00521024231459808,2.414593282688317e-06,0.00637487341639368,2.5226854827859416e-05,1.375,1.375
0.006535767865639129,1.479657944471276e-05,0.012642102337743566,0.00010324323920290613,1.0,1.0
0.008950745495253872,1.0500637213266124e-06,0.01191587507888451,0.00010489388525954384,1.0,1.0
0.01023459125161965,1.0434271676056716e-06,0.006139347165340679,8.377807344066893e-06,1.0,1.0
0.009900557973788167,3.241123019694389e-05,0.012608861378128647,0.0,1.0,1.0
0.010821214737239905,1.5904349573413339e-06,0.011590278157963945,0.0,1.0,1.0
0.009865678632483749,1.118407940518171e-06,0.011473088709182403,0.0,0.375,0.375
0.006645747138338401,1.2343473475950204e-06,0.009914781269149393,0.0,0.0,0.0
0.0035590554460053496,1.8718576428431384e-06,0.008097417243786206,0.0,0.0,0.0
0.002650094129425078,1.2549602724145438e-06,0.00744791300579401,0.0,0.0,0.0
0.002582442325449385,5.930200776623567e-06,0.00691523112248097,0.0,0.0,0.0
0.0024809646194858446,1.0115516966786911e-05,0.0064979773228098165,0.0,0.0,0.0
0.0024809646194858446,1.2313977393042806e-05,0.006130136837796146,0.0,1.25,1.25
0.002882537406248412,3.2699969551486057e-06,0.00592438675070061,0.0,2.0,2.0
0.004540690631421741,1.4114274908539413e-06,0.006069469863221571,0.0,2.0,2.0
0.010046761581251649,1.278199587599989e-06,0.007956604079895709,0.0,2.0,2.0
0.012881825490389662,0.0004503740304557079,0.008907078080251528,4.811788976425036e-06,2.0,2.0
0.011683651846199685,1.2181950582441252e-06,0.003623567783700586,3.3916104824122105e-05,2.0,2.0
0.010260998890324885,7.346647354409603e-05,0.00940598278155,8.144225354920046e-05,0.75,0.75
0.005457610119948575,8.70325947086824e-07,0.007866041578495468,0.00011598124367771416,0.0,0.0
0.005248926921027953,6.04997542206841e-07,0.0038888463389659535,0.00013963531311198479,0.0,0.0
0.005089797981536238,5.36548607332505e-07,0.005156171313006627,0.0001505980944692768,0.0,0.0
0.005233519877513691,5.316288780531886e-07,0.006853155664440549,0.00018291026963459056,0.0,0.0
0.005233519877513691,4.572607465389444e-07,0.007714880951131464,0.00019001116210465467,0.0,0.0
0.005224000626924106,2.1854672605441434e-05,0.007899644930418918,0.00018490350260864363,2.5,2.5
0.0066832248790717145,8.031569106935352e-05,0.013538649261747346,0.00017110659311636993,4.0,4.0
0.00906411642997835,1.1411280668177715e-06,0.012202594271938774,0.00012105775890850562,4.0,4.0
0.010226273476397625,1.3294112866923448e-06,0.006199494486009564,9.17198610716617e-06,4.0,4.0
0.009900557973788167,2.7184749171048242e-05,0.01254640821395087,0.0,4.0,4.0
0.010821214737239905,2.077312673266522e-06,0.011562781818639217,0.0,4.0,4.0
0.009865678632483749,9.012386750728358e-07,0.01160638002485994,0.0,2.125,2.125
0.006645747138338401,1.2296558147862942e-06,0.010056714060576587,0.0,1.0,1.0
0.0035590554460053496,1.2678717091010683e-06,0.008241998943595143,0.0,1.0,1.0
0.002650094129425078,1.2985667142596274e-06,0.007413666837598507,0.0,1.0,1.0
0.002582442325449385,1.4577114344554628e-06,0.006798664466749868,0.0,1.0,1.0
0.0024809646194858446,1.5297492293978144e-06,0.006314189710224025,0.0,1.0,1.0
0.0024809646194858446,1.5122320913276761e-06,0.00594164151730606,0.0,1.0,1.0
0.002882537406248412,1.4210672451392411e-06,0.0056752438352422946,0.0,1.0,1.0
0.004540690631421741,1.3066443574105249e-06,0.005996121782610002,0.0,1.0,1.0
0.010046761581251649,1.2336424654969258e-06,0.007600072548995864,0.0,1.0,1.0
0.012881825490389662,0.0010935253361323146,0.008462994384158795,3.129998654567742e-06,1.0,1.0
0.01165872555209584,1.1842395600428556e-06,0.003466156771549677,1.2519994618270969e-05,1.0,1.0
0.010166182342016921,8.254692360150282e-05,0.008500797625134419,1.0433328848559142e-06,1.625,1.625
0.0053589746339639125,1.0838902888058704e-06,0.006574487384024185,1.5743426068497447e-05,2.0,2.0
0.00519198448422009,7.556597240155649e-07,0.0033341606030474836,9.93190617852391e-05,2.0,2.0
0.005023489926299957,5.484994865585262e-07,0.0046852963377766,0.00017123117017724823,2.0,2.0
0.005200818059335976,4.673986795991218e-07,0.0057963891245815585,9.452284494142386e-05,2.0,2.0
0.005217317251133955,5.841701430781557e-07,0.005629124743914464,6.867310480917286e-06,2.0,2.0
0.005202500887765914,1.8899969615386566e-06,0.005659457257871814,0.0,2.625,2.625
0.006619691800549088,0.00011094996362704885,0.011184671873197249,0.0,3.0,3.0
0.0090238237245125,1.1497009618270567e-06,0.010136591260940967,0.0,3.0,3.0
0.01023459125161965,1.2467260925232068e-06,0.005164644104495449,0.0,3.0,3.0
0.009900557973788167,4.2951554671234015e-05,0.011458589108670984,0.0,3.0,3.0
0.010821214737239905,1.6785946904082389e-06,0.01075614265378818,0.0,3.0,3.0
0.009865678632483749,1.202508307278219e-06,0.01083223992655234,0.0,2.375,2.375
0.006645747138338401,1.2956137541028985e-06,0.009374735910387968,0.0,2.0,2.0
0.0035590554460053496,1.2726389467926396e-06,0.007604483381496929,0.0,2.0,2.0
0.002650094129425078,1.295321442227603e-06,0.006798511537819323,0.0,2.0,2.0
0.002582442325449385,1.4384624795965742e-06,0.006222284838143306,0.0,2.0,2.0
0.0024809646194858446,1.503670453433421e-06,0.005777055586290708,0.0,2.0,2.0
0.0024809646194858446,8.252576904017829e-07,0.005480333353563953,0.0,1.375,1.375
0.002882537406248412,1.252042862454139e-06,0.005251227018360199,0.0,1.0,1.0
0.004540690631421741,1.244204101723205e-06,0.005584990827818165,0.0,1.0,1.0
0.010046761581251649,1.1967325427368225e-06,0.007197537156693185,0.0,1.0,1.0
0.012881825490389662,0.0009472421523467453,0.008126296864531172,0.0,1.0,1.0
0.011686018338242303,1.1772300317322396e-06,0.0032713961821637405,0.0,1.0,1.0
0.010249853436278029,9.174104471280693e-05,0.00816921380082119,0.0,1.0,1.0
0.005473932470685946,1.105197888089173e-06,0.006167170198082715,0.0,1.0,1.0
0.005279503518301162,1.0006374024421674e-06,0.0030265225230700237,0.0,1.0,1.0
0.005134578034896425,2.386133236889448e-06,0.0031003929761962167,0.0,1.0,1.0
0.005280065635133362,8.588332921754822e-07,0.0046420052995763406,0.0,1.0,1.0
0.005258877184019535,8.029276517391856e-07,0.00416694680144108,0.0,1.0,1.0
0.005244060820651496,8.304619650774182e-07,0.004796721614850543,0.0,1.0,1.0
0.00669440576105281,0.00016447377924769452,0.009606898055737289,0.0,1.0,1.0
0.009101803752716487,1.1168441404374884e-06,0.008451939454154437,0.0,1.0,1.0
0.010276515263900242,1.1222571529836986e-06,0.0047224986967878664,0.0,1.0,1.0
0.009900557973788167,0.00010254613704455557,0.01034574189710012,0.0,1.0,1.0
0.010821214737239905,1.300007148394797e-06,0.009665350167959682,0.0,1.0,1.0
0.009865678632483749,1.701155646731729e-06,0.00967859789068968,0.0,2.25,2.25
0.006645747138338401,1.3480905213100197e-06,0.008303685667906763,0.0,3.0,3.0
0.0035590554460053496,1.24996926467777e-06,0.0066134652963623745,0.0,3.0,3.0
0.002650094129425078,1.2625483114649288e-06,0.005895541703127782,0.0,3.0,3.0
0.002582442325449385,1.3925788191163715e-06,0.0054324971535348885,0.0,3.0,3.0
0.0024809646194858446,1.5066903402757626e-06,0.005081291246257196,0.0,3.0,3.0
0.0024809646194858446,9.782100208351511e-07,0.00483170198456366,0.0,2.375,2.375
0.002882537406248412,1.304876862714356e-06,0.004642742384393936,0.0,2.0,2.0
0.004540690631421741,1.2663482595440303e-06,0.0050541145185196285,0.0,2.0,2.0
0.010046761581251649,1.2048432921791788e-06,0.006769733613926134,0.0,2.0,2.0
0.012881825490389662,0.0012259887252374683,0.007636634530057255,1.6817903218572944e-06,2.0,2.0
0.011688948958978143,1.1930939130689041e-06,0.0031082981754503116,6.727161287429178e-06,2.0,2.0
0.010226629155781528,9.446243163671184e-05,0.0076887654386084405,7.988504028822148e-06,1.375,1.375
0.005416481199464992,1.0223702636551763e-06,0.0059961215079752635,2.9711629019478866e-05,1.0,1.0
0.005301455466899781,8.79970316843846e-07,0.0030445329692026842,2.4759690849565723e-06,1.0,1.0
0.005132807176619777,5.025442531825809e-06,0.0029797866742259237,1.2286412629124122e-05,1.0,1.0
0.0052120201383554976,5.937306263521556e-07,0.004666146526308186,6.255325669352548e-05,1.0,1.0
0.0052120201383554976,3.9115888563803175e-07,0.0046154976543232645,7.220797891159513e-05,1.0,1.0
0.005181312436652086,1.2602760476770576e-06,0.0050363972393487715,7.846797622073062e-05,2.875,2.875
0.006606653260938464,7.997830141386424e-05,0.010198955383949583,6.910912452224696e-05,4.0,4.0
0.009092838552599316,1.1041516168713193e-06,0.008795200656458859,5.3568136177676785e-06,4.0,4.0
0.010276515263900242,1.2150602916535072e-06,0.004708356983407481,0.0,4.0,4.0
0.009900557973788167,0.00010915748998461516,0.010455697864710048,0.0,4.0,4.0
0.010821214737239905,1.5609770180440074e-06,0.009775700471883302,0.0,4.0,4.0
0.009865678632483749,1.16245288320688e-06,0.009917936238273814,0.0,3.375,3.375
0.006645747138338401,1.241567253984523e-06,0.008451583755616294,0.0,3.0,3.0
0.0035590554460053496,2.7616704989573028e-06,0.006749281200553958,0.0,3.0,3.0
0.002650094129425078,1.904337998741283e-06,0.0060757401752270105,0.0,3.0,3.0
0.0027177459334007717,1.3119775954470026e-06,0.0056588670233834295,0.0,3.0,3.0
0.0024809646194858446,1.3937252379970874e-06,0.005278532687866607,0.0,3.0,3.0
0.0024809646194858446,9.739194985148873e-07,0.005026239440398824,0.0,2.375,2.375
0.002882537406248412,1.2494552596020688e-06,0.004851537680457735,0.0,2.0,2.0
0.004371561121482508,1.244079078623485e-06,0.004957184861802862,0.0,2.0,2.0
0.008425840183298587,1.1975658806327968e-06,0.00556846947563179,0.0,2.0,2.0
0.011116803771805298,0.0006605463403994482,0.006765695142086464,3.223431450226481e-06,2.0,2.0
0.014331649677493582,1.1400120667444715e-06,0.0042832157848157835,2.298446773204969e-05,2.0,2.0
0.010569153656898806,0.00010419819806943217,0.009178401569694178,4.1437444874650556e-05,0.75,0.75
0.005300495125213,8.940617423935339e-07,0.006649678042697007,2.2143572571121044e-05,0.0,0.0
0.005076457617312157,6.52412266217163e-07,0.0032203466047898946,7.511996770962581e-05,0.0,0.0
0.005007152384641375,7.142254938168038e-07,0.0034122339010008314,6.259997309135484e-06,0.0,0.0
0.0051177595445724795,6.160964195515623e-07,0.0044765757136818315,2.704879434320482e-05,0.0,0.0
0.0050462321985688344,3.599075381156305e-07,0.006035344069194512,0.00013743964241400445,0.0,0.0
0.005020899431654972,0.00018675694346938015,0.006578212563582563,0.00012599412494580898,1.25,1.25
0.006529058932848592,1.3174533847991784e-05,0.011304996070488993,9.748155013728391e-06,2.0,2.0
0.008657171617086,1.0852753133316913e-06,0.010344369119444984,0.0,2.0,2.0
0.010665457508285028,1.1679099565610725e-06,0.005387271581560179,0.0,2.0,2.0
0.010142804134590254,7.627846986493513e-05,0.01185589181445596,0.0,2.0,2.0
0.010821214737239905,1.592724257566132e-06,0.010875289290529224,0.0,2.0,2.0
0.010170111750374373,1.3773715617501504e-06,0.010731315612005046,0.0,2.0,2.0
0.007119309766168257,1.3407567581067871e-06,0.009333921581229964,0.0,2.0,2.0
0.0037958367599202777,2.051976121933118e-06,0.007543831423125917,0.0,2.0,2.0
0.0027177459334007717,3.4826454409165375e-06,0.007033315462403396,0.0,2.0,2.0
0.0027177459334007717,8.72942552888004e-06,0.00650314588467347,0.0,2.0,2.0
0.0024809646194858446,9.330994691843722e-06,0.006066936900180052,0.0,2.0,2.0
0.0024809646194858446,6.256885581355594e-06,0.005728404020119388,0.0,2.0,2.0
0.002882537406248412,3.134150532242713e-06,0.005499601746184556,0.0,2.0,2.0
0.004371561121482508,3.7839590884529694e-06,0.005450908478278319,0.0,2.0,2.0
0.008425840183298587,1.19037469791335e-06,0.006122505828712267,0.0,2.0,2.0
0.011116803771805298,3.9774908096777064e-05,0.007538156424328954,3.7840282241789124e-06,2.0,2.0
0.01438863583907083,1.0972127562964882e-06,0.004786664755358329,3.106640455653058e-05,2.0,2.0
0.010694736543743864,0.00013081018249105298,0.010039797779592165,8.352891931891229e-05,2.0,2.0
0.005339743860336091,8.602738491968835e-07,0.007432022869273364,0.00010294736868332012,2.0,2.0
0.005103254469248806,4.6328301961069974e-07,0.003418944055065487,0.00012755133820678793,2.0,2.0
0.005009817945031723,1.0692646634333835e-06,0.004959976588352351,0.00015431983416301656,2.0,2.0
0.00512866505817376,2.4709372872565916e-05,0.0070302631701349505,0.00018806464552843097,2.0,2.0
0.005107165319015567,3.3746975359925016e-07,0.007778493031275665,0.0001475615286103678,2.0,2.0
0.005065255538292634,0.0005421871199737892,0.007458426672162454,4.3897841826997336e-05,1.375,1.375
0.006525011624237054,4.0901027046138014e-05,0.01342605249877536,0.00015649993272838711,1.0,1.0
0.00871404133636092,1.0440806565481485e-06,0.012396277302911233,0.00011514034851678551,1.0,1.0
0.010696179441546097,1.0782793907723362e-06,0.006758242207243422,8.689249996262689e-06,1.0,1.0
0.010142804134590254,6.323010095595952e-05,0.013371801766915875,0.0,1.0,1.0
0.010821214737239905,1.6641618505819e-06,0.012219763908754787,0.0,1.0,1.0
0.010170111750374373,1.4084152092576856e-06,0.011886167386830562,0.0,1.0,1.0
0.007119309766168257,1.3770761103900763e-06,0.010239131230873843,0.0,1.0,1.0
0.0037958367599202777,2.774096445690587e-06,0.008368558497428695,0.0,1.0,1.0
0.0027177459334007717,1.320219578509004e-06,0.007809716414290811,0.0,1.0,1.0
0.0027177459334007717,2.640533897911784e-06,0.007223562718124256,0.0,1.0,1.0
0.0024809646194858446,6.8332530143963906e-06,0.006738394608166904,0.0,1.0,1.0
0.0024809646194858446,6.531623654526412e-06,0.006382554688384474,0.0,0.375,0.375
0.002882537406248412,2.6957772318357896e-06,0.006150396879331961,0.0,0.0,0.0
0.004371561121482508,2.63835125763412e-06,0.006070807871143531,0.0,0.0,0.0
0.008425840183298587,1.2027844473411173e-06,0.006748669955515151,0.0,0.0,0.0
0.011116803771805298,3.689772750686742e-05,0.008114473780158449,3.1767150523971115e-06,0.0,0.0
0.014375597299460207,1.162079747667209e-06,0.005324194201854671,2.3825362892978335e-05,0.0,0.0
0.010592321312422642,0.0001177521715000201,0.010529022337348396,4.553291575102527e-05,0.0,0.0
0.005309817018872031,1.013706337969424e-06,0.0075423122773373595,2.4775262982175515e-05,0.0,0.0
0.005097957356470349,6.900267981704283e-07,0.0036675983036698417,0.00011422159269280791,0.0,0.0
0.005009817945031723,5.48364086790676e-07,0.005478830434648455,0.00015469356534565152,0.0,0.0
0.005107165319015567,1.1966805334900851e-05,0.007516519485970345,0.00015732525575670598,0.0,0.0
0.00512866505817376,3.659761132588386e-07,0.008612428692636776,0.0001872393225001121,0.0,0.0
0.005097957356470349,0.00039859902336190396,0.008845046057516704,0.00018365773199986046,1.25,1.25
0.00649840451356429,1.660999882166937e-05,0.014502392590286363,0.00016744714195306932,2.0,2.0
0.008703270540378059,1.083153457551355e-06,0.013135934493564753,0.00011398801070366105,2.0,2.0
0.010715670027470155,1.1853994715114751e-06,0.007155975479574794,8.59581720060395e-06,2.0,2.0
0.010142804134590254,6.088444608438349e-05,0.01377126673436082,0.0,2.0,2.0
0.010821214737239905,1.8429438880443734e-06,0.012575779235648565,0.0,2.0,2.0
0.010170111750374373,1.437013734612934e-06,0.012243092865590256,0.0,2.0,2.0
0.007119309766168257,1.3306819032549958e-06,0.010627340497817292,0.0,2.0,2.0
0.0037958367599202777,3.283472382390886e-06,0.008677233917613186,0.0,2.0,2.0
0.0027177459334007717,1.3209509210363912e-06,0.008069506416175584,0.0,2.0,2.0
0.002582442325449385,1.5442918525731127e-06,0.007557000598691528,0.0,2.0,2.0
0.0024809646194858446,4.551719324525206e-06,0.007088420862482828,0.0,2.0,2.0
0.0024809646194858446,8.709565400495668e-06,0.006703072454054171,0.0,2.0,2.0
0.002882537406248412,9.977504731062891e-06,0.006376724575053758,0.0,2.0,2.0
0.004540690631421741,1.2294806114156812e-05,0.006430954638741287,0.0,2.0,2.0
0.010046761581251649,1.3454525126945143e-06,0.008613867004300084,0.0,2.0,2.0
0.012881825490389662,4.416345927712163e-06,0.009566880428673603,0.0,2.0,2.0
0.011691393273031854,1.2204264111085257e-06,0.004030116963508007,0.0,2.0,2.0
0.010263499829351262,0.00010811484977108573,0.009637184994168843,0.0,1.375,1.375
0.0054793074054754936,1.0940602322835796e-06,0.007194833606306936,0.0,1.0,1.0
0.005296080532110233,1.0453486256209906e-06,0.0030963077545477155,0.0,1.0,1.0
0.005127425176150752,9.219814671451178e-07,0.0035653686981376377,0.0,1.0,1.0
0.0052332085894693245,8.951993907496922e-07,0.004628405312508222,0.0,1.0,1.0
0.0052356529035230345,8.805714092499498e-07,0.0049437467277146496,0.0,1.0,1.0
0.005244060820651496,9.23609011945062e-07,0.005307992996746099,0.0,1.0,1.0
0.006705607840072333,2.3631351053615425e-05,0.010628426908891691,0.0,1.0,1.0
0.009105394018044107,1.1385105519015817e-06,0.009647128658570047,0.0,1.0,1.0
0.010301606889334059,1.1856561940717397e-06,0.005374859163752995,0.0,1.0,1.0
0.009900557973788167,9.190197671809891e-05,0.011357543076801311,0.0,1.0,1.0
0.010821214737239905,1.4214264024629904e-06,0.010648627636357811,0.0,1.0,1.0
0.009865678632483749,1.002697817695131e-06,0.010686848824406502,0.0,0.375,0.375
0.006645747138338401,1.1650876755474051e-06,0.00919300757712322,0.0,0.0,0.0
0.0035590554460053496,1.8630162660945574e-06,0.007462773106151869,0.0,0.0,0.0
0.002650094129425078,4.4670590458716295e-06,0.006866342420403887,0.0,0.0,0.0
0.002582442325449385,7.454347567717419e-06,0.00636909936283265,0.0,0.0,0.0
0.0024809646194858446,7.543933653461043e-06,0.005997317751284114,0.0,0.0,0.0
0.0024809646194858446,6.857276866353888e-06,0.005678698468099713,0.0,0.625,0.625
0.002882537406248412,4.0295985085925584e-06,0.005458322695309243,0.0,1.0,1.0
0.004540690631421741,6.040510680402881e-06,0.005594362003760139,0.0,1.0,1.0
0.010046761581251649,1.2138946119745844e-06,0.007633981697908188,0.0,1.0,1.0
0.012881825490389662,4.199760336798e-05,0.00869309551238863,1.448208332710448e-06,1.0,1.0
0.011688948958978143,1.1716697158441332e-06,0.003487909114984774,5.792833330841792e-06,1.0,1.0
0.010208293503392448,9.382873356480764e-05,0.00893346767279187,9.312135300654278e-06,0.375,0.375
0.0053222596044163635,9.830004078288008e-07,0.007078249725488048,4.657624863588118e-05,0.0,0.0
0.005181312436652086,7.312377205188338e-07,0.003248818395392278,4.7977740570762265e-05,0.0,0.0
0.005114245123876897,7.148093646958845e-07,0.0036999227196226133,1.8748847662186873e-05,0.0,0.0
0.005200818059335976,6.230585147273614e-07,0.005384447256266447,5.9983854812910165e-05,0.0,0.0
0.005217317251133955,5.905984812596017e-07,0.005670334582231974,2.2891034936390954e-05,0.0,0.0
0.00514770619959352,8.532224976053729e-05,0.006357482331892025,7.156952147459375e-05,1.875,1.875
0.006635782507676031,1.0050072470247458e-05,0.011746438928029028,3.1050832423920785e-05,3.0,3.0
0.00898927445766156,1.1021624659150716e-06,0.01127275264216673,0.00010034682253748524,3.0,3.0
0.01029306300939182,1.1551801778572913e-06,0.005615856069440242,8.362235211457103e-06,3.0,3.0
0.009900557973788167,3.1059407941968605e-05,0.011961068980074702,0.0,3.0,3.0
0.010821214737239905,1.6985465494647993e-06,0.011057978436759357,0.0,3.0,3.0
0.009865678632483749,1.2241329635146467e-06,0.011003326066162692,0.0,2.375,2.375
0.006645747138338401,1.2561781518586415e-06,0.009486499770697786,0.0,2.0,2.0
0.0035590554460053496,2.410244029737758e-06,0.0076864306493933405,0.0,2.0,2.0
0.002650094129425078,3.939898444855539e-06,0.007055693403694033,0.0,2.0,2.0
0.002582442325449385,5.55823296760475e-06,0.006537293201591154,0.0,2.0,2.0
0.0024809646194858446,1.1646992976580284e-05,0.0061478041663831865,0.0,2.0,2.0
0.0024809646194858446,1.6467681641998173e-05,0.005855541404628433,0.0,2.0,2.0
0.002882537406248412,1.994776480081308e-05,0.005667639334623583,0.0,2.0,2.0
0.004540690631421741,1.7764494206936525e-05,0.005839068699577193,0.0,2.0,2.0
0.010046761581251649,1.3708621958667746e-06,0.007992306274883003,0.0,2.0,2.0
0.012881825490389662,2.932939756804224e-05,0.008956855552341153,2.1489543001509873e-06,2.0,2.0
0.01168357402418859,1.1920694242954076e-06,0.003644589076183562,8.59581720060395e-06,2.0,2.0
0.010172850805742779,0.00010430708163127112,0.009284064523235047,1.4964819438007962e-05,1.375,1.375
0.005355491454045596,9.788141514673649e-07,0.007440360218830058,7.521340050528455e-05,1.0,1.0
0.00519743724102073,6.896411819532794e-07,0.0033855847451648453,7.762708105980197e-05,1.0,1.0
0.0050682982423780444,6.092611901399981e-07,0.0039196197001532505,6.073131717818007e-06,1.0,1.0
0.0052120201383554976,1.1928369480663174e-05,0.005393503645371305,2.6721779558399235e-05,1.0,1.0
0.0052120201383554976,3.5358846235714664e-07,0.00689669920261206,0.00014155068542298893,1.0,1.0
0.005181312436652086,0.00031625780914136336,0.007832648332925152,0.00017984255951046196,1.625,1.625
0.006596700986085862,7.992656004745022e-05,0.01399748665180893,0.0001653916204485771,2.0,2.0
0.009040358885514039,1.0422434681861402e-06,0.012758673064808148,0.00010961224144031013,2.0,2.0
0.010301606889334059,1.1430755825935251e-06,0.006668709891016357,8.237658150578784e-06,2.0,2.0
0.009900557973788167,5.118703104655854e-05,0.013089844765580562,0.0,2.0,2.0
0.010821214737239905,1.8114550106576542e-06,0.012038556126842808,0.0,2.0,2.0
0.009865678632483749,1.6120229363876941e-06,0.011811215859833394,0.0,2.625,2.625
0.006645747138338401,1.421378138970612e-06,0.010121741291389213,0.0,3.0,3.0
0.0035590554460053496,2.4527946967027547e-06,0.008258273438332317,0.0,3.0,3.0
0.002650094129425078,1.3098395104062193e-06,0.007529674532547733,0.0,3.0,3.0
0.002582442325449385,4.7623743833712345e-06,0.006943012356567852,0.0,3.0,3.0
0.0024809646194858446,1.0346624142290347e-05,0.006482910170106025,0.0,3.0,3.0
0.0024809646194858446,1.258158598020933e-05,0.006178070722112399,0.0,1.75,1.75
0.002882537406248412,9.017793035960617e-06,0.005985246907033956,0.0,1.0,1.0
0.004540690631421741,9.406333885871678e-06,0.006102472564477949,0.0,1.0,1.0
0.010046761581251649,1.2579188537338466e-06,0.008226481205126826,0.0,1.0,1.0
0.012881825490389662,1.579967716706055e-05,0.009183984888025251,1.2613427413929708e-06,1.0,1.0
0.011688948958978143,1.1851629870298638e-06,0.003827444893731221,5.045370965571883e-06,1.0,1.0
0.0102054407046677,0.0001385809795754088,0.009513502646737107,9.670294350679443e-06,0.375,0.375
0.00536071074481296,1.0037158510315533e-06,0.007444428896481278,3.699938708086048e-05,0.0,0.0
0.005278386830425463,8.170901609734985e-07,0.003166632839343368,1.709820160554916e-05,0.0,0.0
0.0050682982423780444,6.176207332699351e-07,0.004490174647794231,7.189653625939933e-05,0.0,0.0
0.005189615980316454,7.371625592586345e-06,0.00633503731088135,6.801907523956169e-05,0.0,0.0
0.005230355790744578,6.105615425168837e-07,0.006257576672415615,5.2789529547187295e-06,0.0,0.0
0.005233466595094581,0.0002240163634267458,0.006213315457024945,0.0,0.625,0.625
0.006646376733232943,0.00010717245709798386,0.012084886296562116,2.43392432691014e-05,1.0,1.0
0.00898927445766156,1.097012510386797e-06,0.011756995203313149,9.73569730764056e-05,1.0,1.0
0.010296005849824296,1.0591531393911697e-06,0.00606341132331329,8.113081089700467e-06,1.0,1.0
0.009900557973788167,8.043884434546786e-05,0.012524340430860337,0.0,1.0,1.0
0.010821214737239905,1.5269459557146045e-06,0.011569192689935693,0.0,1.0,1.0
0.009865678632483749,1.5052864746008825e-06,0.011429221403492352,0.0,1.625,1.625
0.006645747138338401,1.3497657941213264e-06,0.00978880910610453,0.0,2.0,2.0
0.0035590554460053496,2.705742450279039e-06,0.007987663138413413,0.0,2.0,2.0
0.002650094129425078,1.2485554034256568e-06,0.007369070278767989,0.0,2.0,2.0
0.0027177459334007717,5.266294495314763e-06,0.006886077872222084,0.0,2.0,2.0
0.0024809646194858446,9.569782574073678e-06,0.006448607871649593,0.0,2.0,2.0
0.0024809646194858446,1.4319799024771697e-05,0.006120541668700623,0.0,1.375,1.375
0.002882537406248412,1.6243704933864154e-05,0.0058852645888023795,0.0,1.0,1.0
0.004371561121482508,1.0840687453018123e-05,0.005884558723832978,0.0,1.0,1.0
0.008425840183298587,1.2480484300069383e-06,0.006722339777121505,0.0,1.0,1.0
0.011116803771805298,3.3500577872928804e-05,0.008035275217197735,0.0,1.0,1.0
0.014407579344922518,1.1928065400329683e-06,0.00511604848613252,0.0,1.0,1.0
0.010746404395504231,0.00012266206889700876,0.010044857677933686,0.0,0.375,0.375
0.005415452961935032,1.0655718698190907e-06,0.006976929452755502,0.0,0.0,0.0
0.0052024277917898255,9.745240740963435e-07,0.0027761923967232188,0.0,0.0,0.0
0.005054597998391908,8.533815187932623e-07,0.0032975838866823684,0.0,0.0,0.0
0.005133650882907851,8.768523844392389e-06,0.0044883731654994305,0.0,0.0,0.0
0.005133242398236815,6.666582865933035e-07,0.004964713247718637,0.0,0.0,0.0
0.005139206001311566,0.00022191170007767816,0.005125936680551932,0.0,1.25,1.25
0.006623888381359831,3.0176569763317852e-05,0.010376650694109257,0.0,2.0,2.0
0.00873738852419234,1.1101725259763702e-06,0.009882704475652336,0.0,2.0,2.0
0.010715670027470155,1.1334969917156304e-06,0.005498461481682584,0.0,2.0,2.0
0.010142804134590254,9.93443963507183e-05,0.011686836886939434,0.0,2.0,2.0
0.010821214737239905,1.4831935599026287e-06,0.010839604104998278,0.0,2.0,2.0
0.010170111750374373,1.2818652380019211e-06,0.010734590209285529,0.0,2.0,2.0
0.007119309766168257,1.233092967209134e-06,0.009304247292690321,0.0,2.0,2.0
0.0037958367599202777,3.4684070864686127e-06,0.0075510799461029465,0.0,2.0,2.0
0.0027177459334007717,3.5728191816115755e-06,0.007119988673780156,0.0,2.0,2.0
0.0027177459334007717,8.17721843969325e-06,0.006628221511493554,0.0,2.0,2.0
0.0024809646194858446,7.3411589625424426e-06,0.006246573719015966,0.0,2.0,2.0
0.0024809646194858446,2.9525120445717597e-06,0.005916467430978585,0.0,2.625,2.625
0.002882537406248412,1.4743034702066406e-06,0.00566763357036357,0.0,3.0,3.0
0.004371561121482508,1.3282933054661523e-06,0.005581980036646367,0.0,3.0,3.0
0.008425840183298587,1.2477810482203453e-06,0.006160961026891605,0.0,3.0,3.0
0.011116803771805298,0.00027743341038707453,0.007492336151653792,0.0,3.0,3.0
0.014407579344922518,1.196214617561552e-06,0.004661813554003502,0.0,3.0,3.0
0.010746404395504231,0.00013688403705728282,0.00957756462143031,0.0,1.75,1.75
0.005415452961935032,1.026451822333144e-06,0.0067140336484747725,0.0,1.0,1.0
0.005213177661368922,9.687845377428653e-07,0.002863652970814021,0.0,1.0,1.0
0.005054597998391908,1.069116039450316e-06,0.003156651295519198,0.0,1.0,1.0
0.005133650882907851,8.379858047332389e-07,0.004239046416391198,0.0,1.0,1.0
0.00513853951101527,8.219711841969758e-07,0.004447263969302998,0.0,1.0,1.0
0.005150408080331087,8.776295189589443e-07,0.004805478708276884,0.0,1.0,1.0
0.006626332695413542,0.00013309085820368007,0.009593584159085886,0.0,1.0,1.0
0.00873738852419234,1.138674290389928e-06,0.008519963147857223,0.0,1.0,1.0
0.010715670027470155,1.170408210606772e-06,0.004864091660147437,0.0,1.0,1.0
0.010142804134590254,9.182049610715374e-05,0.010666083245902425,0.0,1.0,1.0
0.010821214737239905,1.3289777770796735e-06,0.010022911341585956,0.0,1.0,1.0
0.010170111750374373,1.2294597687143903e-06,0.01002461596166707,0.0,1.0,1.0
0.007119309766168257,1.2238786058295636e-06,0.00872726243523402,0.0,1.0,1.0
0.0037958367599202777,1.214027488593143e-06,0.007040617910832096,0.0,1.0,1.0
0.0027177459334007717,1.214982082254979e-06,0.0064876224768492426,0.0,1.0,1.0
0.002582442325449385,1.2989625663750117e-06,0.0059766742920632126,0.0,1.0,1.0
0.0024809646194858446,1.3470872911659475e-06,0.005607906709481202,0.0,1.0,1.0
0.0024809646194858446,7.472458893242201e-07,0.005352232026861434,0.0,0.375,0.375
0.002882537406248412,1.1564371897408402e-06,0.00516230327590078,0.0,0.0,0.0
0.004540690631421741,1.2104488555043194e-06,0.005434363941290914,0.0,0.0,0.0
0.010046761581251649,1.1852315631216434e-06,0.007105990800408839,0.0,0.0,0.0
0.012881825490389662,0.0007909888328071204,0.008147873405770346,1.448208332710448e-06,0.0,0.0
0.01168357402418859,1.177567242811788e-06,0.0032860427830067682,5.792833330841792e-06,0.0,0.0
0.010178225740532327,0.00012352310690778024,0.008408993880237818,1.5572132609789763e-05,0.0,0.0
0.0053720684678546645,1.0062037299771815e-06,0.006952658625388666,8.983563302587714e-05,0.0,0.0
0.005202812175810279,6.215980661350381e-07,0.0037043677754647363,0.00014611332027765733,0.0,0.0
0.005073673177167593,5.101784675532919e-07,0.004669829067643593,0.00013866984089017784,0.0,0.0
0.0052120201383554976,4.5747033747911925e-07,0.006524531137879679,0.00018132191210839198,0.0,0.0
0.0052120201383554976,4.1002580648956917e-07,0.0070968175053010224,0.00012790949725681312,0.0,0.0
0.005191906662209,6.599135649697316e-05,0.006487101500766696,9.654722218069653e-06,1.25,1.25
0.006601356148160007,0.00012147576204974857,0.012023296666886472,2.3077900527708426e-05,2.0,2.0
0.009065901099440278,1.1367275632068035e-06,0.011215813079455392,9.23116021108337e-05,2.0,2.0
0.010290404810314535,1.2116965334705139e-06,0.0055712756650031945,7.692633509236142e-06,2.0,2.0
0.009900557973788167,2.472623017371313e-05,0.011819207197337821,0.0,2.0,2.0
0.010821214737239905,1.8698402495812667e-06,0.011057671381429051,0.0,2.0,2.0
0.009865678632483749,1.7164509670990956e-06,0.01105429908740036,0.0,2.625,2.625
0.006645747138338401,1.4747305142801983e-06,0.009509341405550778,0.0,3.0,3.0
0.0035590554460053496,1.3654305157841432e-06,0.007622367863668133,0.0,3.0,3.0
0.002650094129425078,1.3793014464666917e-06,0.006733130413126569,0.0,3.0,3.0
0.002582442325449385,1.6017871738390927e-06,0.006122743009111049,0.0,3.0,3.0
0.0024809646194858446,1.7093941605730482e-06,0.005665886382255982,0.0,3.0,3.0
0.0024809646194858446,3.887720565881659e-07,0.005395385274436005,0.0,1.75,1.75
0.002882537406248412,1.2117494910773466e-06,0.005206780833232382,0.0,1.0,1.0
0.004540690631421741,1.2790106263681982e-06,0.005608855466872195,0.0,1.0,1.0
0.010046761581251649,1.2227088361470123e-06,0.007367027788606151,0.0,1.0,1.0
0.012881825490389662,0.0018912674716683611,0.008056128599101953,1.4949247305398173e-06,1.0,1.0
0.011692001126494461,1.1988551119925896e-06,0.0035448902714981093,1.7565365583842853e-05,1.0,1.0
0.010214141844660846,7.807919243548397e-05,0.008174609020174566,6.926484584834488e-05,1.0,1.0
0.005436830153505785,1.0011027505440017e-06,0.006779003314758983,0.00012256825577165522,1.0,1.0
0.005279714456603474,6.680150257457088e-07,0.003725109918952161,0.0001580882902545857,1.0,1.0
0.005089797981536238,4.988722807949975e-07,0.0046857686650711395,0.00018004499723438925,1.0,1.0
0.005222770007934594,5.299604789359008e-07,0.0063755039061271284,0.00013990003936635123,1.0,1.0
0.005200818059335976,5.422720020874619e-07,0.005723302112450896,4.51747567010001e-05,1.0,1.0
0.00519743724102073,1.3096054590591453e-06,0.006666380025179587,0.00016967395691626927,2.25,2.25
0.0066892417645655735,8.723131484059575e-05,0.011760420999795644,0.0001612182889091534,3.0,3.0
0.00912281267152273,1.1087279232249699e-06,0.010038411778183544,0.00010121886196363346,3.0,3.0
0.010304294356728833,1.2605459300441726e-06,0.005208890353200735,7.552484315748035e-06,3.0,3.0
0.009900557973788167,1.1217061451106278e-05,0.01129364157755183,0.0,3.0,3.0
0.010821214737239905,1.8390371817603501e-06,0.010481175340124183,0.0,3.0,3.0
0.009865678632483749,1.2136283149537122e-06,0.010370901503344342,0.0,2.375,2.375
0.006645747138338401,1.3062240939662267e-06,0.008946501817498464,0.0,2.0,2.0
0.0035590554460053496,1.2808966131388306e-06,0.007098832885150365,0.0,2.0,2.0
0.002650094129425078,1.2971091913098834e-06,0.00632983267244447,0.0,2.0,2.0
0.002582442325449385,1.4457525605148737e-06,0.0057985632352705214,0.0,2.0,2.0
0.0024809646194858446,1.5301992319971814e-06,0.005347879776466081,0.0,2.0,2.0
0.0024809646194858446,5.939309211333369e-06,0.005059461732599203,0.0,1.375,1.375
0.002882537406248412,5.926741674817307e-06,0.0048555368174331166,0.0,1.0,1.0
0.004540690631421741,7.388286476884242e-06,0.005262904713404678,0.0,1.0,1.0
0.010046761581251649,1.2128254374848852e-06,0.007069664675037107,0.0,1.0,1.0
0.012881825490389662,0.0018951010847509068,0.007747098830432001,1.2613427413929708e-06,1.0,1.0
0.01168711249838704,1.1276488779343849e-06,0.003283298246050926,2.9898494610796345e-05,1.0,1.0
0.010129532234277186,7.383035475850351e-05,0.008003821889857037,0.00011912681446489169,1.625,1.625
0.005388037628201127,8.513863838889046e-07,0.0063400848434560664,8.545986376252622e-05,2.0,2.0
0.005191906662209,4.939015949292574e-07,0.002797121099292431,3.628306898081015e-05,2.0,2.0
0.005079048111957141,4.810291161630871e-07,0.0038297795055878383,0.00011940711285186791,2.0,2.0
0.0052120201383554976,4.7173768905503264e-05,0.004924045251587025,4.559520428146443e-05,2.0,2.0
0.0052120201383554976,4.140847581702024e-07,0.00613858989751309,0.00014257844617523508,2.0,2.0
0.00514770619959352,0.0001580373577793806,0.005888897581092567,1.1881537181269588e-05,0.75,0.75
0.006590154069140486,7.818316390450875e-05,0.011519735922557691,2.2237005366779782e-05,0.0,0.0
0.009089658643904592,1.0555314214833956e-06,0.010914926748556077,8.894802146711913e-05,0.0,0.0
0.010304294356728833,1.0265503304318744e-06,0.00543432539596723,7.412335122259927e-06,0.0,0.0
0.009900557973788167,4.328640248730009e-05,0.011634535882235942,0.0,0.0,0.0
0.010821214737239905,1.469539516183935e-06,0.010831914861212273,0.0,0.0,0.0
0.009865678632483749,1.6600422448854899e-06,0.010857990126804544,0.0,0.625,0.625
0.006645747138338401,1.4433014110899845e-06,0.009389267810605059,0.0,1.0,1.0
0.0035590554460053496,1.3175925910473856e-06,0.007517314915228734,0.0,1.0,1.0
0.002650094129425078,1.3155848388214005e-06,0.006680242561076858,0.0,1.0,1.0
0.002582442325449385,1.466635299906305e-06,0.006101549709746862,0.0,1.0,1.0
0.0024809646194858446,1.518286786686573e-06,0.005676332392342647,0.0,1.0,1.0
0.0024809646194858446,2.2406985153194638e-06,0.005300754520641989,0.0,1.625,1.625
0.002882537406248412,1.5650226248822663e-06,0.005023848099052674,0.0,2.0,2.0
0.004540690631421741,1.3479844587346503e-06,0.005413538137097263,0.0,2.0,2.0
0.010046761581251649,1.2514108375691054e-06,0.007098312441469769,0.0,2.0,2.0
0.012881825490389662,0.0015737087831960998,0.007875107664695126,7.941787630992779e-07,2.0,2.0
0.011702595352051374,1.197352917626455e-06,0.003305806568169515,3.1767150523971115e-06,2.0,2.0
0.010196405748899224,8.308342331108386e-05,0.00775508606718261,2.64726254366426e-07,1.375,1.375
0.0053749437943103745,9.99117621236602e-07,0.005930837420090296,0.0,1.0,1.0
0.005191906662209,7.396688647312942e-07,0.002948094625659844,2.43392432691014e-05,1.0,1.0
0.0050682982423780444,6.492421616476436e-07,0.003585860440526746,9.73569730764056e-05,1.0,1.0
0.0052120201383554976,2.941678146469576e-06,0.004337997817159801,8.113081089700467e-06,1.0,1.0
0.0052120201383554976,4.2178423192715263e-07,0.004728168242727707,0.0,1.0,1.0
0.005181312436652086,0.0001950048535374807,0.005114603969739293,3.158028493265364e-05,2.25,2.25
0.006596700986085862,0.000125227833213123,0.011508556712195587,0.0001481844139147594,3.0,3.0
0.009036337337149758,1.0372634523588726e-06,0.010668400137647818,9.797985838079719e-05,3.0,3.0
0.010301606889334059,1.0984903225462907e-06,0.00517359298192864,7.287758061381609e-06,3.0,3.0
0.009900557973788167,4.038686186135674e-05,0.011334911852504325,0.0,3.0,3.0
0.010821214737239905,1.684525589579589e-06,0.01051376663190213,0.0,3.0,3.0
0.009865678632483749,1.2604283207716193e-06,0.010543036770497352,0.0,2.375,2.375
0.006645747138338401,1.2957402648851633e-06,0.009107832781161125,0.0,2.0,2.0
0.0035590554460053496,3.711775289716799e-06,0.0073279730522287315,0.0,2.0,2.0
0.002650094129425078,6.425058447606331e-06,0.006564228323133191,0.0,2.0,2.0
0.002582442325449385,3.3602003476838717e-06,0.006068780729341504,0.0,2.0,2.0
0.0024809646194858446,1.4988607170590755e-06,0.005704889317693945,0.0,2.0,2.0
0.0024809646194858446,9.690283734304427e-07,0.005420617868096961,0.0,1.375,1.375
0.002882537406248412,1.2998508882794916e-06,0.0052415410582462695,0.0,1.0,1.0
0.004540690631421741,1.2763169936349582e-06,0.005549001948135763,0.0,1.0,1.0
0.010046761581251649,1.219923710744013e-06,0.007234336475658027,0.0,1.0,1.0
0.012881825490389662,0.0009788758047887885,0.0081971514167593,6.073131717818007e-07,1.0,1.0
0.01170850031829244,1.194395038031695e-06,0.0033498989210226492,1.5182829294545019e-05,1.0,1.0
0.010235607486577336,8.18513839316957e-05,0.00855564541116374,6.850181135046517e-05,0.375,0.375
0.005407058956063907,9.317786825133802e-07,0.0069952450246918456,7.339146098993915e-05,0.0,0.0
0.005208483676018071,6.912954136978425e-07,0.0031824221641530387,3.271705061316829e-05,0.0,0.0
0.005089797981536238,5.73163183593751e-07,0.00423461852584354,0.00014393322171228677,0.0,0.0
0.005233519877513691,3.6664387924789906e-05,0.006259573005157787,0.00018903011775023792,0.0,0.0
0.005233519877513691,2.4012575047440776e-06,0.0073184869980555236,0.00018876539149587153,0.0,0.0
0.005202812175810279,0.0004770340468341434,0.007774812221222062,0.00018065231040617104,1.875,1.875
0.006642971375325718,7.602284125621416e-05,0.013725504906019077,0.00015869560342636748,3.0,3.0
0.009152397360217017,1.0631789272868637e-06,0.012357426595674972,9.6438217252428e-05,3.0,3.0
0.010304294356728833,1.2337294990823268e-06,0.0063985933425756,7.163181000503291e-06,3.0,3.0
0.009900557973788167,4.578487091089904e-05,0.012816629441197729,0.0,3.0,3.0
0.010821214737239905,2.12186084471445e-06,0.011680758170461674,0.0,3.0,3.0
0.009865678632483749,1.2398604637230583e-06,0.011495135353556509,0.0,1.75,1.75
0.006645747138338401,1.3357851738130812e-06,0.009996073381591976,0.0,1.0,1.0
0.0035590554460053496,1.326250544544547e-06,0.00816553034850753,0.0,1.0,1.0
0.002650094129425078,1.3283985813867335e-06,0.007418151676107791,0.0,1.0,1.0
0.0027177459334007717,1.4822190641923062e-06,0.006887154022532912,0.0,1.0,1.0
0.0024809646194858446,1.5248808623178316e-06,0.0063686483479762305,0.0,1.0,1.0
0.0024809646194858446,1.4962378630285719e-06,0.005953960689824215,0.0,1.0,1.0
0.002882537406248412,1.4038970228666231e-06,0.005649055172248681,0.0,1.0,1.0
0.004371561121482508,1.2832185652541075e-06,0.005689368218414166,0.0,1.0,1.0
0.008425840183298587,1.2167422853440914e-06,0.006179095879200571,0.0,1.0,1.0
0.011116803771805298,0.0005757593856459331,0.007315952681476462,2.802983869762157e-07,1.0,1.0
0.014405742884331418,1.1583893854672042e-06,0.004609820913868034,1.3407606177028986e-05,1.0,1.0
0.010688288645848006,9.603849529893364e-05,0.009657608335216325,6.932713437878403e-05,2.25,2.25
0.005359859348343607,9.344495010896222e-07,0.007170445721322914,0.00010448900981168931,3.0,3.0
0.005120361514509394,5.10038632894028e-07,0.0032866147712679494,0.0001183482078344022,3.0,3.0
0.005009817945031723,3.888100973270865e-07,0.004717121245935451,0.00016850604697053503,3.0,3.0
0.00512866505817376,2.135271684639099e-05,0.006696869775636495,0.00018428061730425206,3.0,3.0
0.0051125402538051146,3.9565748272249884e-07,0.007345342581278081,0.00013304830101804375,3.0,3.0
0.005076457617312157,0.0002931977076953958,0.0069069445405030615,4.1437444874650556e-05,1.75,1.75
0.006511973084626431,9.058647057677934e-05,0.012838258774646907,0.00012538681177402716,1.0,1.0
0.008689873435263715,1.0840813715143023e-06,0.011457090375946936,1.0448900981168931e-05,1.0,1.0
0.010715670027470155,1.1844015281685073e-06,0.006083995690972921,0.0,1.0,1.0
0.010142804134590254,3.3485875614942324e-05,0.012500987230898358,0.0,1.0,1.0
0.010821214737239905,1.7124402755052198e-06,0.011493083007941666,0.0,1.0,1.0
0.010170111750374373,1.1289391651774328e-06,0.011388639045245615,0.0,0.375,0.375
0.007119309766168257,1.2319118854458365e-06,0.009995181586038812,0.0,0.0,0.0
0.0037958367599202777,1.319887874710298e-06,0.008105954517845957,0.0,0.0,0.0
0.0027177459334007717,1.2857677441372622e-06,0.007432102535602233,0.0,0.0,0.0
0.0027177459334007717,1.4196041555601315e-06,0.006859318704713437,0.0,0.0,0.0
0.0024809646194858446,1.4571382950365284e-06,0.006375084407328062,0.0,0.0,0.0
0.0024809646194858446,2.609237243770036e-06,0.005970777809879031,0.0,1.25,1.25
0.002882537406248412,1.6302189709414016e-06,0.005716651387601025,0.0,2.0,2.0
0.004371561121482508,1.355067407171118e-06,0.005726520044956681,0.0,2.0,2.0
0.008425840183298587,1.256990568880589e-06,0.0063065599876288335,0.0,2.0,2.0
0.011116803771805298,0.0006435982860937578,0.007438697379586881,0.0,2.0,2.0
0.014416337109888332,1.1982717968313825e-06,0.004709756242163374,1.2800293005247185e-05,2.0,2.0
0.010688288645848006,8.99245935373088e-05,0.009740080008122107,6.792564244390295e-05,2.0,2.0
0.005359329316892091,9.602338499586988e-07,0.007458868777461418,9.882075354172584e-05,2.0,2.0
0.005142313463108012,5.680885087827511e-07,0.0035227404920900288,0.00014250058551218612,2.0,2.0
0.004999068075452626,3.728601561224691e-07,0.004487978830471426,0.00011442403041673519,2.0,2.0
0.005107165319015567,1.7296625443017782e-05,0.005577644657850247,4.202918591382257e-05,2.0,2.0
0.005117915188594663,2.524337361493112e-07,0.007098276813126086,0.0001673381370248008,2.0,2.0
0.005097957356470349,0.0003733068120521415,0.007621094084928152,0.00017945325619521724,2.0,2.0
0.0065392999680145975,8.250474968759872e-05,0.013252818314692497,0.00015685809177841227,2.0,2.0
0.008760203038864278,1.064465912515537e-06,0.01197720662841228,9.280991035434699e-05,2.0,2.0
0.010715670027470155,1.194442857697567e-06,0.006303323452703768,6.867310480917286e-06,2.0,2.0
0.010142804134590254,3.918554095927906e-05,0.012765681539777095,0.0,2.0,2.0
0.010821214737239905,1.998148489385896e-06,0.011658132221464473,0.0,2.0,2.0
0.010170111750374373,1.0243878002037223e-06,0.011510091160939153,0.0,0.75,0.75
0.007119309766168257,1.1966811493687946e-06,0.010123753660678409,0.0,0.0,0.0
0.0037958367599202777,1.260329098768883e-06,0.008260021899806775,0.0,0.0,0.0
0.0027177459334007717,1.2962442229339424e-06,0.007611551614812613,0.0,0.0,0.0
0.002582442325449385,1.456959037392957e-06,0.00697400141873867,0.0,0.0,0.0
0.0024809646194858446,1.514153751020854e-06,0.006468182044765523,0.0,0.0,0.0
0.0024809646194858446,2.7738924185041964e-06,0.006006420506814895,0.0,1.25,1.25
0.002882537406248412,1.6000996933689995e-06,0.00568919046388462,0.0,2.0,2.0
0.004540690631421741,1.3185310681060993e-06,0.005840496785767909,0.0,2.0,2.0
0.010046761581251649,1.2288180651229316e-06,0.007600002746723658,0.0,2.0,2.0
0.012881825490389662,0.00046027594545536255,0.008640157858015468,0.0,2.0,2.0
0.011697298239272918,1.2221738717215887e-06,0.0034357500708058326,9.530145157191334e-06,2.0,2.0
0.010210272707802453,6.902653433087716e-05,0.00890310612027331,3.812058062876534e-05,2.0,2.0
0.005393965122173154,9.726495606600299e-07,0.0065755373256476376,3.1767150523971115e-06,2.0,2.0
0.005202578709777005,2.3492136627470013e-05,0.0029445624146696558,2.499327283871257e-05,2.0,2.0
0.005084423046746688,1.72144547734435e-05,0.004540777422224503,0.00013603815047912338,2.0,2.0
0.0052120201383554976,2.5092614685017153e-05,0.007026585199393943,0.00018426504517164228,2.0,2.0
0.0052120201383554976,3.947708454627899e-07,0.007744002725148803,0.0001387165572880072,2.0,2.0
0.005181312436652086,0.0003878845385449795,0.00738016241886545,4.167102686379741e-05,2.0,2.0
0.00661564449193755,7.742218273018018e-05,0.013667138393214488,0.00012445248381743977,2.0,2.0
0.009085658021944075,1.1011075644591438e-06,0.012244372766926177,1.0371040318119982e-05,2.0,2.0
0.010304294356728833,1.2437975950646059e-06,0.006433994921844442,0.0,2.0,2.0
0.009900557973788167,5.681779746617783e-05,0.012885807499698608,0.0,2.0,2.0
0.010821214737239905,1.885330665048031e-06,0.011827290147256635,0.0,2.0,2.0
0.009865678632483749,1.485659638222013e-06,0.011628740344304108,0.0,2.0,2.0
0.006645747138338401,1.3891787299575695e-06,0.010053922195027246,0.0,2.0,2.0
0.0035590554460053496,1.5401309785529895e-06,0.008173897552638566,0.0,2.0,2.0
0.002650094129425078,1.4788185564623888e-06,0.007405037958256841,0.0,2.0,2.0
0.002582442325449385,3.107682321357628e-06,0.006832651948134733,0.0,2.0,2.0
0.0024809646194858446,2.547073505835164e-06,0.006377216810686002,0.0,2.0,2.0
0.0024809646194858446,1.7579389353991463e-06,0.006021146264156654,0.0,2.0,2.0
0.002882537406248412,1.3669567222811225e-06,0.005776178121915683,0.0,2.0,2.0
0.004540690631421741,2.2750324073872166e-06,0.0058758341116604195,0.0,2.0,2.0
0.010046761581251649,1.2088104955139737e-06,0.007839689084957762,0.0,2.0,2.0
0.012881825490389662,9.398277156155206e-05,0.008832955443547523,0.0,2.0,2.0
0.011702595352051374,1.2114462051217872e-06,0.003519890496892539,2.3825362892978336e-06,2.0,2.0
0.010245107551989515,0.00014196497966138352,0.009108428558657355,1.3547755370517095e-05,1.375,1.375
0.005442869566730606,1.0547069193590122e-06,0.006946467191289983,1.686461961640231e-05,1.0,1.0
0.00538931988626692,9.925406826428652e-07,0.00306319524809802,1.3392034044419196e-06,1.0,1.0
0.005250997264273585,1.0693206428795588e-06,0.0032069372182115816,0.0,1.0,1.0
0.005370239921570457,8.797624687389498e-07,0.0043040796764737335,8.081936824480888e-06,1.0,1.0
0.005233894264943024,7.042184051369169e-07,0.004836074792706572,4.129729568116245e-05,1.0,1.0
0.005197203774987456,2.626181035443346e-07,0.005403666279605865,4.908336198605733e-05,0.375,0.375
0.006625752410812336,9.07140321264896e-05,0.011087217600777806,6.297370427398979e-05,0.0,0.0
0.009084283709115043,1.0340137579452811e-06,0.01015698617710746,7.526011690311392e-05,0.0,0.0
0.010304294356728833,1.0123276397142152e-06,0.005211792464942058,5.979698922159269e-06,0.0,0.0
0.009900557973788167,9.90510299125484e-05,0.01155007721170945,0.0,0.0,0.0
0.010821214737239905,1.4276277410356834e-06,0.01077677865592026,0.0,0.0,0.0
0.009865678632483749,1.2868826886927584e-06,0.010799517900102286,0.0,0.0,0.0
0.006645747138338401,1.2757549153134007e-06,0.009307318922643849,0.0,0.0,0.0
0.0035590554460053496,1.244763949511811e-06,0.007600187716295673,0.0,0.0,0.0
0.002650094129425078,1.2572761376955281e-06,0.006894366373097252,0.0,0.0,0.0
0.002582442325449385,1.3760556228491323e-06,0.006349616767369292,0.0,0.0,0.0
0.0024809646194858446,1.4215723940660388e-06,0.005923483910543254,0.0,0.0,0.0
0.0024809646194858446,1.4025023997856762e-06,0.00559557523177278,0.0,0.0,0.0
0.002882537406248412,1.3440634595256677e-06,0.005355470159389284,0.0,0.0,0.0
0.004540690631421741,1.2550217489683805e-06,0.005645682769279359,0.0,0.0,0.0
0.010046761581251649,1.2020960230406681e-06,0.007286113815916316,0.0,0.0,0.0
0.012881825490389662,0.0008496800836053824,0.008305791207529547,0.0,0.0,0.0
0.011702595352051374,1.2070947540942653e-06,0.0033997239878115993,2.569401880615311e-06,0.0,0.0
0.010256309631009037,0.00011527400894935533,0.008413283775036159,1.4575516122763218e-05,0.625,0.625
0.005437494631941058,1.1516714300435773e-06,0.006450253151496729,2.374750222992939e-05,1.0,1.0
0.005292752996214098,9.31343574414948e-07,0.003113452612961691,3.1097548821750155e-05,1.0,1.0
0.005169565280750816,9.802821935085942e-07,0.003238930996368309,2.9369042102063494e-05,1.0,1.0
0.005354757067906121,6.794835369750519e-07,0.0041539823102404675,1.1025069887731153e-05,1.0,1.0
0.005283017452907628,5.497713224083272e-07,0.004559268159574783,3.494386557636823e-05,1.0,1.0
0.005329015816321223,6.294078414593521e-05,0.004634519247353451,1.4264073470567421e-05,1.0,1.0
0.006644773738675116,7.49021279404605e-05,0.010414252787522916,6.460877819801773e-05,1.0,1.0
0.009084283709115043,1.0492170837756578e-06,0.010033476736461282,8.058578625566202e-05,1.0,1.0
0.010304294356728833,1.026616563666641e-06,0.005216269542979396,6.400146502623593e-06,1.0,1.0
0.009900557973788167,0.00010643446891970896,0.011092964807159225,0.0,1.0,1.0
0.010821214737239905,1.48750514785097e-06,0.010348815821061754,0.0,1.0,1.0
0.009865678632483749,1.3201787923002158e-06,0.010452093438181483,0.0,1.0,1.0
0.006645747138338401,1.2952291552733137e-06,0.008971920505660104,0.0,1.0,1.0
0.0035590554460053496,1.3792619732627082e-06,0.007256121679203836,0.0,1.0,1.0
0.002650094129425078,1.257999539779264e-06,0.006577149254559959,0.0,1.0,1.0
0.002582442325449385,1.3720831804801564e-06,0.006078624990632834,0.0,1.0,1.0
0.0024809646194858446,1.423218401047765e-06,0.0056856089471535405,0.0,1.0,1.0
0.0024809646194858446,1.4035125517350468e-06,0.00537478888053288,0.0,1.0,1.0
0.002882537406248412,1.3382660791511306e-06,0.005179688504520733,0.0,1.0,1.0
0.004540690631421741,1.2536841728294112e-06,0.0054340337716580565,0.0,1.0,1.0
0.010046761581251649,1.2051988595014832e-06,0.007138761342858748,0.0,1.0,1.0
0.012881825490389662,0.0006934254899848042,0.008201578963960744,0.0,1.0,1.0
0.011716241745124607,1.2177728332487573e-06,0.0032603257220307083,0.0,1.0,1.0
0.010342890148967554,0.00012057581684233305,0.008290363008425457,0.0,0.375,0.375
0.005494868081150918,1.0555686131783433e-06,0.006183794161973029,0.0,0.0,0.0
0.005355015073531378,9.5833944235378e-07,0.002911243192513159,0.0,0.0,0.0
0.005179386350974514,1.5817725620341503e-06,0.002870428808717689,0.0,0.0,0.0
0.005296564826931342,7.109367310323268e-07,0.003880212822171563,0.0,0.0,0.0
0.005296564826931342,6.417180209840941e-07,0.00413104153264484,0.0,0.0,0.0
0.005307282611129755,6.444573430768264e-05,0.0043674890181429485,0.0,0.0,0.0
0.0067620980674397676,4.474639480959531e-05,0.009667516006393017,0.0,0.0,0.0
0.009164542469028912,1.0905265421598695e-06,0.009190193204874268,0.0,0.0,0.0
0.010304294356728833,1.0894947458617482e-06,0.004843031823114973,0.0,0.0,0.0
0.009900557973788167,0.0001183189875956456,0.01064607242622579,0.0,0.0,0.0
0.010821214737239905,1.2369066124010178e-06,0.009996847665161861,0.0,0.0,0.0
0.009865678632483749,1.4622211489480984e-06,0.010089463040455389,0.0,0.625,0.625
0.006645747138338401,1.3072748795639638e-06,0.008680838098346631,0.0,1.0,1.0
0.0035590554460053496,3.1935420468004477e-06,0.006986110553500296,0.0,1.0,1.0
0.002650094129425078,5.572372430517979e-06,0.0063319830164854235,0.0,1.0,1.0
0.002582442325449385,6.012715119434222e-06,0.005859718740170348,0.0,1.0,1.0
0.0024809646194858446,5.501276918363759e-06,0.005505557716432489,0.0,1.0,1.0
0.0024809646194858446,4.421268314748104e-06,0.005222127424717711,0.0,1.0,1.0
0.002882537406248412,2.4600190492630843e-06,0.005038873557785465,0.0,1.0,1.0
0.004540690631421741,4.235972662445114e-06,0.005201491809416651,0.0,1.0,1.0
0.010046761581251649,1.1786263548085797e-06,0.007182250865778783,0.0,1.0,1.0
0.012881825490389662,0.000118542057601724,0.008263574129254441,0.0,1.0,1.0
0.011716241745124607,1.1649938841413915e-06,0.003208799021845812,0.0,1.0,1.0
0.010342890148967554,0.00014785563272748977,0.008473017115496462,0.0,1.0,1.0
0.005500165193929376,1.1046404666348078e-06,0.006066384250340046,0.0,1.0,1.0
0.005355015073531378,9.727250789659487e-07,0.0027457367703855335,0.0,1.0,1.0
0.005179386350974514,1.1221616070345308e-06,0.002756955053532888,0.0,1.0,1.0
0.005307766905950864,2.242103508045589e-06,0.0037756625574302777,0.0,1.0,1.0
0.005307766905950864,6.846894514844016e-07,0.004189976323538163,0.0,1.0,1.0
0.005312657545919304,8.780253239928656e-05,0.004401014804251179,0.0,2.25,2.25
0.0067620980674397676,0.0001231607725492392,0.009747703460231625,0.0,3.0,3.0
0.009164542469028912,1.2056575547698449e-06,0.008612893882920292,0.0,3.0,3.0
0.010304294356728833,1.374275927588037e-06,0.004897597023848905,0.0,3.0,3.0
0.009900557973788167,7.051320075608162e-05,0.010585087619296161,0.0,3.0,3.0
0.010821214737239905,1.4932289950304966e-06,0.009897451220237746,0.0,3.0,3.0
0.009865678632483749,5.843382941015407e-07,0.009927511741335562,0.0,1.125,1.125
0.006645747138338401,1.0150977404217723e-06,0.008540609847904666,0.0,0.0,0.0
0.0035590554460053496,1.272825229837989e-06,0.006836014685064508,0.0,0.0,0.0
0.002650094129425078,1.1709700422831094e-06,0.006176803181305315,0.0,0.0,0.0
0.0027177459334007717,1.2157136853242667e-06,0.005761768464946429,0.0,0.0,0.0
0.0024809646194858446,1.2728383758392384e-06,0.0053924727624505495,0.0,0.0,0.0
0.0024809646194858446,1.8515396550201832e-06,0.005075956415326392,0.0,0.625,0.625
0.002882537406248412,1.3733529414807748e-06,0.004888161031052009,0.0,1.0,1.0
0.004371561121482508,1.2349733040667049e-06,0.0049978269194988,0.0,1.0,1.0
0.008425840183298587,1.1880199623818337e-06,0.005587142569051695,0.0,1.0,1.0
0.011116803771805298,0.000565352419459431,0.006820134621434145,0.0,1.0,1.0
0.014394462983300804,1.1616547432105488e-06,0.0042873398551084765,7.3811908570403475e-06,1.0,1.0
0.010559653591486627,0.00012993933693637903,0.009210104432258484,4.232505643340857e-05,1.0,1.0
0.005255960846822192,1.0146335430789818e-06,0.006862730364535301,5.366156897333552e-05,1.0,1.0
0.005200139121758298,8.340219263649282e-07,0.0028701605869967716,4.266764335082395e-06,1.0,1.0
0.005046785815228125,1.5820198457754565e-06,0.0029777640952296553,0.0,1.0,1.0
0.005128353770129394,7.020599727457918e-07,0.003921221926844335,0.0,1.0,1.0
0.005128353770129394,6.521693346235112e-07,0.0041395470054093695,0.0,1.0,1.0
0.005102534696533404,6.683047486335706e-05,0.004422372033349337,3.0459091384748775e-05,1.625,1.625
0.006426799345549553,8.283049524288701e-05,0.010506091746309594,0.00013944844752066733,2.0,2.0
0.008604260666964063,1.0008513496136405e-06,0.0099916138085844,8.060135838827181e-05,2.0,2.0
0.01070738152056562,1.006863225298874e-06,0.004889750352299664,5.87069399389074e-06,2.0,2.0
0.010142804134590254,7.706604961689296e-05,0.011073576071477987,0.0,2.0,2.0
0.010821214737239905,1.6781948949579644e-06,0.010260524306895847,0.0,2.0,2.0
0.010170111750374373,9.2643729006986e-07,0.010287800335989448,0.0,0.75,0.75
0.007119309766168257,1.1501208592982608e-06,0.00892996107436977,0.0,0.0,0.0
0.0037958367599202777,1.269534810083673e-06,0.0072125988288668005,0.0,0.0,0.0
0.0027177459334007717,1.2322091743432977e-06,0.006690160851884417,0.0,0.0,0.0
0.0027177459334007717,1.3260404078264287e-06,0.006197324969569475,0.0,0.0,0.0
0.0024809646194858446,1.3700977088870313e-06,0.005767912637310001,0.0,0.0,0.0
0.0024809646194858446,1.3591490738694663e-06,0.005441351354258681,0.0,0.0,0.0
0.002882537406248412,1.3023918927328972e-06,0.0052261918522403025,0.0,0.0,0.0
0.004371561121482508,1.236878440637698e-06,0.0053185298028919385,0.0,0.0,0.0
0.008425840183298587,1.195464178676857e-06,0.005890321702709616,0.0,0.0,0.0
0.011116803771805298,0.0007642587714019011,0.007053009248746496,0.0,0.0,0.0
0.014411039997109874,1.18211820538009e-06,0.004505513705656077,9.483428759361965e-06,0.0,0.0
0.010677086566828482,0.00010946130743522191,0.009160677450278123,3.793371503744786e-05,1.875,1.875
0.0053407827262007,1.2157115938298734e-06,0.006359056041853479,3.161142919787322e-06,3.0,3.0
0.005092426777658619,9.840272929177705e-07,0.0029353165263727916,2.700207794537545e-05,3.0,3.0
0.005009817945031723,7.597622217049196e-07,0.003935104743301364,0.00014397993811011614,3.0,3.0
0.00512866505817376,5.066334797850288e-07,0.005941045461722093,0.00018745733235664915,3.0,3.0
0.0051125402538051146,3.8927209804827546e-07,0.006276795893140612,0.0001502710796844712,3.0,3.0
0.005076457617312157,1.450121628160357e-07,0.005941297773934061,4.1842320322505097e-05,1.75,1.75
0.006531558541182431,7.618945164612128e-05,0.011348457135391201,0.00013818710477927435,1.0,1.0
0.008749432242881414,1.0658443112932506e-06,0.009750324720022999,7.775165812068029e-05,1.0,1.0
0.010715670027470155,1.1555672017191667e-06,0.005207720750145158,5.6371120047438945e-06,1.0,1.0
0.010142804134590254,1.4850109845925892e-05,0.011387765989402571,0.0,1.0,1.0
0.010821214737239905,1.7247347239492627e-06,0.010643401988605708,0.0,1.0,1.0
0.010170111750374373,1.744400882165647e-06,0.01042131265273624,0.0,1.625,1.625
0.007119309766168257,1.4509099274836387e-06,0.009026169711860762,0.0,2.0,2.0
0.0037958367599202777,1.3347422243965653e-06,0.007163941585419823,0.0,2.0,2.0
0.0027177459334007717,1.349440553017172e-06,0.0064834705198869615,0.0,2.0,2.0
0.002582442325449385,1.5454115751341791e-06,0.005833245795995981,0.0,2.0,2.0
0.0024809646194858446,5.879852298885866e-06,0.005348235250433173,0.0,2.0,2.0
0.0024809646194858446,6.427438222627023e-06,0.005131178108523572,0.0,0.75,0.75
0.002882537406248412,1.0637301561931612e-05,0.004963254243520737,0.0,0.0,0.0
0.004540690631421741,1.3044885281605087e-05,0.0053614910362457715,0.0,0.0,0.0
0.010046761581251649,1.2019034746524824e-06,0.007298629126111994,0.0,0.0,0.0
0.012881825490389662,0.00250481882760218,0.007862544081909865,0.0,0.0,0.0
0.01170850031829244,1.2106630069361918e-06,0.0036890520496066967,8.782682791921427e-06,0.0,0.0
0.010224405407557815,7.423429027788254e-05,0.007910932541074263,3.513073116768571e-05,0.0,0.0
0.00542121418355023,2.0177714279132498e-05,0.005396060099207597,2.927560930640475e-06,0.0,0.0
0.005216302924861329,8.896595692261494e-07,0.0029309905440801864,2.5320287623518154e-05,0.0,0.0
0.005089797981536238,1.6553235048743133e-06,0.0038265683729241102,0.00013725277682268697,0.0,0.0
0.0052120201383554976,4.883043410784915e-07,0.0064075219407920435,0.0001847944976803751,0.0,0.0
0.005217395073145046,3.0631361170067774e-07,0.006498538036293876,0.00017573151650147748,0.0,0.0
0.0051920623062311835,2.0364235018919732e-06,0.00684841389433135,0.00014630018586897484,1.875,1.875
0.006630971701579702,7.726594165787396e-05,0.010984712879176612,2.759381898454746e-05,3.0,3.0
0.009125049550425085,1.1754229721953994e-06,0.00948263379150608,6.521609136979952e-05,3.0,3.0
0.010304294356728833,1.3304792076707894e-06,0.00485320442117118,5.4346742808166275e-06,3.0,3.0
0.009900557973788167,1.3882511650179456e-05,0.010746404778754451,0.0,3.0,3.0
0.010821214737239905,1.8401454929738726e-06,0.00989380247211159,0.0,3.0,3.0
0.009865678632483749,5.667345042986233e-07,0.00983951082326552,0.0,1.125,1.125
0.006645747138338401,1.0378074917067067e-06,0.008566231937422146,0.0,0.0,0.0
0.0035590554460053496,1.1950811556067792e-06,0.006854502901877855,0.0,0.0,0.0
0.002650094129425078,1.2399489204880182e-06,0.006042714141746636,0.0,0.0,0.0
0.002582442325449385,6.176034911716882e-06,0.005502085504250217,0.0,0.0,0.0
0.0024809646194858446,1.2996908381402649e-05,0.005087060419559628,0.0,0.0,0.0
0.0024809646194858446,2.1540980715858255e-05,0.004736550029776314,0.0,0.625,0.625
0.002882537406248412,2.404404347456006e-05,0.004507163173906149,0.0,1.0,1.0
0.004540690631421741,2.2699494451542655e-05,0.0049208626826567755,0.0,1.0,1.0
0.010046761581251649,1.2105637144488658e-06,0.006748101190799374,0.0,1.0,1.0
0.012881825490389662,0.0019691108458962546,0.007398322328004628,0.0,1.0,1.0
0.011716241745124607,1.2064365554531073e-06,0.003281793896116325,0.0,1.0,1.0
0.010348265083757104,8.895036755830078e-05,0.007212510861093396,0.0,0.375,0.375
0.005519186521792156,2.65465386453389e-05,0.00518335857231173,0.0,0.0,0.0
0.005352570759477669,9.206810839919747e-07,0.002805927645828568,0.0,0.0,0.0
0.00518476128576406,1.6331237051139223e-05,0.002824421869887502,0.0,0.0,0.0
0.005322838121828777,7.333227528208106e-07,0.004695485183156586,0.0,0.0,0.0
0.005302469793172406,7.196668364569561e-07,0.003945558254992708,0.0,0.0,0.0
0.005318032480708852,2.181134743238771e-06,0.004605807782663318,0.0,1.25,1.25
0.006767395180218224,0.00010160292703182123,0.008611054177936504,0.0,2.0,2.0
0.009203523640877027,1.557764444076595e-05,0.00756468379119321,0.0,2.0,2.0
0.010304294356728833,1.1889682509402023e-06,0.0037015737644766882,0.0,2.0,2.0
0.009900557973788167,2.892845188247811e-05,0.009219053997902356,0.0,2.0,2.0
0.010821214737239905,1.4138736924570073e-06,0.00850901795405308,0.0,2.0,2.0
0.009865678632483749,1.2871902282064175e-06,0.008522282431437635,0.0,2.0,2.0
0.006645747138338401,1.2946366204390357e-06,0.007278366450193195,0.0,2.0,2.0
0.0035590554460053496,4.3392152521154275e-06,0.005665423411855197,0.0,2.0,2.0
0.002650094129425078,1.9846905201030383e-05,0.004934552629280933,0.0,2.0,2.0
0.002582442325449385,4.929095524349141e-05,0.004502052981122675,0.0,2.0,2.0
0.0024809646194858446,7.94877800645401e-05,0.004231835349018309,0.0,2.0,2.0
0.0024809646194858446,9.430008440198516e-05,0.003964110015961948,0.0,1.375,1.375
0.002882537406248412,0.0001233488651651022,0.0037370217595392267,0.0,1.0,1.0
0.004540690631421741,0.000138686651212644,0.0041632703915854335,0.0,1.0,1.0
0.010046761581251649,0.00010855345730130818,0.006323353638846718,0.0,1.0,1.0
0.012881825490389662,0.0031172005524346515,0.006879762638109993,0.0,1.0,1.0
0.011702595352051374,8.252765909551345e-05,0.0033928143783524497,3.877461019837651e-06,1.0,1.0
0.01017508285080164,0.00021993721152982314,0.006678169378104369,2.2564020151585366e-05,1.625,1.625
0.005392848434297456,7.337396979672616e-05,0.004401176518247709,2.9509191295551602e-05,2.0,2.0
0.005365687121099383,1.7780844502683177e-06,0.002382723104366038,2.351392024078254e-06,2.0,2.0
0.005176711073817013,1.9919238437698713e-05,0.002461930565091997,1.3314173381370247e-05,2.0,2.0
0.005200818059335976,6.082852093923229e-07,0.0044369741422560175,5.325669352548099e-05,2.0,2.0
0.00533325732874793,6.653106863312705e-07,0.0037169353850736745,4.438057793790083e-06,2.0,2.0
0.00535509289554247,3.8440884702550764e-07,0.004172912417312267,0.0,1.375,1.375
0.006788661453343143,0.0001362047678575485,0.008150175804315169,0.0,1.0,1.0
0.009207113906204647,1.1088063141853263e-06,0.00715120294848356,0.0,1.0,1.0
0.010304294356728833,1.1152517276421315e-06,0.0036458053097605616,0.0,1.0,1.0
0.009900557973788167,7.861533083276344e-05,0.009195421228836414,0.0,1.0,1.0
0.010821214737239905,1.2909053211368406e-06,0.008428102677442527,0.0,1.0,1.0
0.009865678632483749,1.2344173858299238e-06,0.008437587514109461,0.0,1.0,1.0
0.006645747138338401,1.2377982302943274e-06,0.007184240047632551,0.0,1.0,1.0
0.0035590554460053496,2.4220751576894125e-06,0.005573805627332091,0.0,1.0,1.0
0.002650094129425078,1.3625727710387435e-05,0.004893692925708125,0.0,1.0,1.0
0.002582442325449385,2.169134493806954e-05,0.0044625800021435855,0.0,1.0,1.0
0.0024809646194858446,3.568811630154393e-05,0.004175343468286812,0.0,1.0,1.0
0.0024809646194858446,4.4330862538328654e-05,0.004012395970441338,0.0,0.375,0.375
0.002882537406248412,5.742956233374962e-05,0.003887333320958082,0.0,0.0,0.0
0.004540690631421741,7.093891069866798e-05,0.004369017063119757,0.0,0.0,0.0
0.010046761581251649,4.736563128058753e-05,0.006214673791664735,0.0,0.0,0.0
0.012881825490389662,0.001964556899847128,0.006894507923423208,0.0,0.0,0.0
0.011697298239272918,3.4224885726158544e-05,0.0031334625759558126,7.754922039675302e-06,0.0,0.0
0.010202939765641326,0.00012728577631190965,0.006952175247762174,3.101968815870121e-05,0.625,0.625
0.005445080414751042,3.6057745390723046e-05,0.004642229855797797,2.5849740132251006e-06,1.0,1.0
0.0052510599470372964,9.209273682324863e-07,0.002591044387046436,2.3358198914684643e-05,1.0,1.0
0.0050682982423780444,4.467813195292374e-06,0.00320302957682433,0.00012034144080845528,1.0,1.0
0.005200818059335976,4.632716983062022e-07,0.005400576911487057,0.00011542064690376172,1.0,1.0
0.0052120201383554976,4.762077192244511e-07,0.004657971835046103,4.269878761604353e-05,1.0,1.0
0.0051701103576325645,1.6787513526937264e-06,0.005708840786753021,0.0001349169569312185,2.875,2.875
0.006652768006156136,0.00011413122559207129,0.00967991697544728,2.5538297480055212e-05,4.0,4.0
0.009100860722924112,1.1457396837547196e-06,0.008419106026105558,5.718087094314801e-05,4.0,4.0
0.010304294356728833,1.265288790879044e-06,0.00413992867441755,4.765072578595667e-06,4.0,4.0
0.009900557973788167,5.1884932746949414e-05,0.009720170431285657,0.0,4.0,4.0
0.010821214737239905,1.7218554622652829e-06,0.008917188971936038,0.0,4.0,4.0
0.009865678632483749,6.623005742529251e-07,0.008954492372407615,0.0,2.125,2.125
0.006645747138338401,1.0840103243736994e-06,0.007720729722432918,0.0,1.0,1.0
0.0035590554460053496,1.2007420857184274e-06,0.006030939027555441,0.0,1.0,1.0
0.002650094129425078,1.028635072002538e-05,0.00528117254012694,0.0,1.0,1.0
0.002582442325449385,2.0400193863435658e-05,0.0047905855520104955,0.0,1.0,1.0
0.0024809646194858446,5.12517443503832e-05,0.004495368874322836,0.0,1.0,1.0
0.0024809646194858446,3.628466652037899e-05,0.004294377497962651,0.0,0.375,0.375
0.002882537406248412,4.913545215825938e-05,0.0041595057486429705,0.0,0.0,0.0
0.004540690631421741,6.499340580240647e-05,0.004603114591810137,0.0,0.0,0.0
0.010046761581251649,4.3907262655944945e-05,0.006532008266146554,0.0,0.0,0.0
0.012881825490389662,0.0023199128550348614,0.007133941644459659,0.0,0.0,0.0
0.01168459036232224,2.974338977276271e-05,0.0033403152635653834,1.3547755370517095e-05,0.0,0.0
0.01010460594017334,0.00010393540259963396,0.007456963949461641,5.419102148206838e-05,0.0,0.0
0.005431886231118236,2.7800405255209722e-05,0.0049276240909510455,4.5159184568390305e-06,0.0,0.0
0.005216147280839146,8.277156090624418e-07,0.0027490336397478373,3.2421180093582286e-05,0.0,0.0
0.005034692005319477,1.6637092786403409e-06,0.003782667800069523,0.00012968472037432915,0.0,0.0
0.0052120201383554976,5.818594466293187e-07,0.005213323162277573,1.0807060031194097e-05,0.0,0.0
0.0052120201383554976,5.779791610744813e-07,0.004404490352616151,0.0,0.0,0.0
0.005197203774987456,1.9408469865912346e-06,0.004615441966395163,0.0,1.875,1.875
0.006651751668022492,0.00012475241209102306,0.009076492128943523,0.0,3.0,3.0
0.009118380766525555,1.1366711350943926e-06,0.007950351172990252,0.0,3.0,3.0
0.010304294356728833,1.2006591680651746e-06,0.004365441941511823,0.0,3.0,3.0
0.009900557973788167,7.630679957781175e-05,0.009829848794154486,0.0,3.0,3.0
0.010821214737239905,1.6195528558866738e-06,0.009115423558364075,0.0,3.0,3.0
0.009865678632483749,1.1354124996255024e-06,0.009140509433213007,0.0,2.375,2.375
0.006645747138338401,1.2628539193389422e-06,0.007796252038739061,0.0,2.0,2.0
0.0035590554460053496,1.2469650527747338e-06,0.006103425951056689,0.0,2.0,2.0
0.002650094129425078,2.23198648454739e-06,0.005367447622473319,0.0,2.0,2.0
0.0027177459334007717,8.99293546591924e-06,0.004908337038406461,0.0,2.0,2.0
0.0024809646194858446,1.5657475725350774e-05,0.004539406910506679,0.0,2.0,2.0
0.0024809646194858446,1.4529245285298514e-05,0.004393505609500109,0.0,0.75,0.75
0.002882537406248412,1.6474242154712554e-05,0.004284642394378979,0.0,0.0,0.0
0.004371561121482508,1.9716611773671214e-05,0.004456541177438702,0.0,0.0,0.0
0.008425840183298587,1.2740153829045452e-05,0.005345361818388104,0.0,0.0,0.0
0.011116803771805298,0.0019298912688318162,0.006160000069664716,0.0,0.0,0.0
0.014418781423942043,1.8314885383282065e-06,0.003965175205635415,0.0,0.0,0.0
0.010814592636101005,0.00011739758430410583,0.008004189996489936,0.0,0.625,0.625
0.005490852597912453,2.4446647989626955e-05,0.005080450351522616,0.0,1.0,1.0
0.005273870841370078,1.0579826404050702e-06,0.002497967655538312,0.0,1.0,1.0
0.00512628098841774,1.859828747696626e-05,0.0025316418712192363,0.0,1.0,1.0
0.005225316244649977,9.015237888137362e-07,0.004669104675839675,0.0,1.0,1.0
0.005230691179439526,9.086560610973391e-07,0.0036019548397197582,0.0,1.0,1.0
0.005242496649370372,9.297319972527346e-07,0.00426280631373287,0.0,1.0,1.0
0.006679692933253566,0.000135662125573684,0.007610904740542133,0.0,1.0,1.0
0.008816704254313835,1.9791715623059272e-05,0.006751050423743287,0.0,1.0,1.0
0.010721271066979914,1.1287729631071956e-06,0.00339416346213978,0.0,1.0,1.0
0.010142804134590254,0.00010463030217861443,0.008894879341752857,0.0,1.0,1.0
0.010821214737239905,1.2409067261949413e-06,0.00812923732830223,0.0,1.0,1.0
0.010170111750374373,8.750168400275921e-07,0.008207522060652842,0.0,0.375,0.375
0.007119309766168257,1.0825913586160663e-06,0.0071831154702248,0.0,0.0,0.0
0.0037958367599202777,1.1463637092475938e-06,0.005570170911557034,0.0,0.0,0.0
0.0027177459334007717,5.246269531097429e-06,0.005023291384173051,0.0,0.0,0.0
0.0027177459334007717,1.2346338603900381e-05,0.0045755113856599935,0.0,0.0,0.0
0.0024809646194858446,1.7633165223330282e-05,0.004220449144528903,0.0,0.0,0.0
0.0024809646194858446,2.5837112391227354e-05,0.003957794413366047,0.0,0.625,0.625
0.002882537406248412,3.222076631590315e-05,0.003817282088347244,0.0,1.0,1.0
0.004371561121482508,3.551518739329876e-05,0.004043575111914883,0.0,1.0,1.0
0.008425840183298587,2.4074691775536045e-05,0.004797077670780711,0.0,1.0,1.0
0.011116803771805298,0.0012093685898338583,0.0057549799981830956,0.0,1.0,1.0
0.014418781423942043,1.9563908575603887e-06,0.0034746238162954852,0.0,1.0,1.0
0.010817036950154712,0.0001370096516928698,0.007845967649940834,0.0,0.375,0.375
0.00549614971069091,1.271785989490253e-05,0.005227949743499995,0.0,0.0,0.0
0.005273870841370078,9.530806162762744e-07,0.0026097719526472127,0.0,0.0,0.0
0.005131655923207287,1.6287870799691685e-05,0.0026099139303468145,0.0,0.0,0.0
0.005230691179439526,8.071325084689713e-07,0.004434435395681532,0.0,0.0,0.0
0.005236066114229074,7.875029490369949e-07,0.0035452862608533727,0.0,0.0,0.0
0.005242496649370372,1.8434169536322351e-06,0.003896818758896249,0.0,1.25,1.25
0.006679692933253566,0.00011973164575855833,0.007526017475509446,0.0,2.0,2.0
0.008839108412352881,1.1375568584853214e-06,0.006659267486343218,0.0,2.0,2.0
0.010721271066979914,1.159387493506058e-06,0.003627406786376751,0.0,2.0,2.0
0.010142804134590254,0.00011744878291508779,0.009101146767671306,0.0,2.0,2.0
0.010821214737239905,1.3592207589935298e-06,0.008336332832500308,0.0,2.0,2.0
0.010170111750374373,6.760938412960068e-07,0.008379143671076028,0.0,0.75,0.75
0.007119309766168257,1.0456855337672216e-06,0.0073176066004734365,0.0,0.0,0.0
0.0037958367599202777,1.153601639449758e-06,0.005695575486979395,0.0,0.0,0.0
0.0027177459334007717,3.884688580406946e-06,0.0051472982622398755,0.0,0.0,0.0
0.002650094129425078,1.1415898674415313e-05,0.004704830376260749,0.0,0.0,0.0
0.002582442325449385,1.7843763022922506e-05,0.004359217384499616,0.0,0.0,0.0
0.0024809646194858446,2.475144459196812e-05,0.00412405519665325,0.0,0.0,0.0
0.0024809646194858446,3.5426013696683025e-05,0.003945096017994879,0.0,0.0,0.0
0.002882537406248412,4.588086868161309e-05,0.0038327293184077385,0.0,0.0,0.0
0.004540690631421741,5.344159705017879e-05,0.004332941427198674,0.0,0.0,0.0
0.010046761581251649,3.0250606162072024e-05,0.006154063030961238,0.0,0.0,0.0
0.012876224450879898,0.0017591655510979388,0.006879952281641975,5.2322365568893606e-06,0.0,0.0
0.011422730013333153,4.3468281846727e-06,0.0029275612693831386,3.092625536304247e-05,1.25,1.25
0.010011167217225081,8.004427906346515e-05,0.007259713826758223,4.173331539423657e-05,2.0,2.0
0.005453230326254246,1.0610744560681323e-05,0.005156555203825262,3.3324363784950095e-06,2.0,2.0
0.005320963101444689,1.0010687508931274e-06,0.0026542704142258674,0.0,2.0,2.0
0.005179386350974514,1.728745244521251e-05,0.0026038745786230813,0.0,2.0,2.0
0.005330171063989908,9.72077949575614e-07,0.00464056901717242,0.0,2.0,2.0
0.005287142583530256,8.431588816043235e-07,0.0037594007224193045,2.9197748643355806e-05,2.0,2.0
0.005153003312371977,4.7427462021695124e-07,0.004827496753304857,0.00011679099457342322,2.0,2.0
0.0068890311081938,0.0001102352224341218,0.008455242894381751,9.732582881118601e-06,2.0,2.0
0.009321820542846637,1.0789075737966707e-06,0.00725870757802032,0.0,2.0,2.0
0.010309895396238593,1.1905328668348027e-06,0.0037710995445857784,0.0,2.0,2.0
0.009900557973788167,0.00012250666924557328,0.00940090879187393,0.0,2.0,2.0
0.010821214737239905,3.909257233392352e-07,0.008770559370949295,0.0,0.75,0.75
0.009865678632483749,1.0947999709598346e-06,0.008795400436998701,0.0,0.0,0.0
0.006645747138338401,1.1822837701525783e-06,0.007487312241266614,0.0,0.0,0.0
0.0035590554460053496,1.1838078611464103e-06,0.005794704645464898,0.0,0.0,0.0
0.002650094129425078,3.64821059591391e-06,0.005126109416151511,0.0,0.0,0.0
0.002582442325449385,1.1067461178479553e-05,0.004719466432113968,0.0,0.0,0.0
0.0024809646194858446,2.4725562979021286e-05,0.004287138689608512,0.0,1.25,1.25
0.0024809646194858446,4.302765515806963e-05,0.004008783405641144,0.0,2.0,2.0
0.002882537406248412,5.8672797056387495e-05,0.0038538727357151467,0.0,2.0,2.0
0.004540690631421741,7.327966033317829e-05,0.004344759324246735,0.0,2.0,2.0
0.010046761581251649,5.178646363645565e-05,0.006237035511673426,0.0,2.0,2.0
0.012881825490389662,0.0022545247580313026,0.006899997553998234,0.0,2.0,2.0
0.011661169866149549,5.099881500900532e-05,0.003176440106518922,0.0,2.625,2.625
0.01022602130231892,0.00019290546490683834,0.006761452581475089,0.0,3.0,3.0
0.005474010292697036,0.00010696324831993006,0.004253191531871001,0.0,3.0,3.0
0.005331712971023786,3.8359878460073e-05,0.002351737393318302,0.0,3.0,3.0
0.005190136220553609,3.2524534632026817e-05,0.0023532866805366826,0.0,3.0,3.0
0.005346295868358553,1.8454217066511002e-05,0.005185097269665722,0.0,3.0,3.0
0.005378059170413714,4.409148796659171e-06,0.0033774330229146858,0.0,1.125,1.125
0.00539469482105647,5.437513882290783e-07,0.004238215736688276,0.0,0.0,0.0
0.006956611495327963,0.00016149619070529903,0.006939958144910761,0.0,0.0,0.0
0.00933302262186616,0.001088241722814168,0.006331994722251765,0.0,0.0,0.0
0.010309895396238593,3.060446529390918e-05,0.003097251923907976,0.0,0.0,0.0
0.009900557973788167,0.0001049356967934675,0.007893268557399986,0.0,0.0,0.0
0.010821214737239905,3.471042237329482e-05,0.007150767015907644,0.0,0.625,0.625
0.009865678632483749,3.819289174604691e-05,0.007276158804663683,0.0,1.0,1.0
0.006645747138338401,4.6980094063519365e-05,0.006256124400014111,0.0,1.0,1.0
0.0035590554460053496,9.067162732042827e-05,0.004773545419210242,0.0,1.0,1.0
0.002650094129425078,0.00012257008329349804,0.0041157968643406595,0.0,1.0,1.0
0.002582442325449385,0.00014704831167623752,0.0037769477665946533,0.0,1.0,1.0
0.0024809646194858446,0.0001488532579969008,0.0035955272258295177,0.0,0.375,0.375
0.0024809646194858446,0.00017977225367244736,0.0034434476149083153,0.0,0.0,0.0
0.002882537406248412,0.00017321255594312214,0.0032754273875862066,0.0,0.0,0.0
0.004540690631421741,0.0001718241676780698,0.003774690672967639,0.0,0.0,0.0
0.010046761581251649,0.0001257772246801622,0.005856579373436832,0.0,0.0,0.0
0.012881825490389662,0.0025921976316368965,0.006443631390343018,0.0,0.0,0.0
0.011661169866149549,9.511590441249773e-05,0.0030070864640284163,0.0,0.625,0.625
0.01022602130231892,0.00023749507049601707,0.006181335033176913,0.0,1.0,1.0
0.005474010292697036,0.00011757215894747497,0.003882389900980886,0.0,1.0,1.0
0.00534238501859179,3.773350810410766e-05,0.002216612718793692,0.0,1.0,1.0
0.005200886090132705,3.6859454863848424e-05,0.0022311330740937335,0.0,1.0,1.0
0.005357045737937649,2.391698688608222e-05,0.004828926386121768,0.0,1.0,1.0
0.005378059170413714,2.3433933975358587e-05,0.003303553854776141,0.0,1.0,1.0
0.00539469482105647,3.2516419276589773e-06,0.003943298494046724,0.0,1.0,1.0
0.006956611495327963,0.00016233055166414083,0.006580338251386299,0.0,1.0,1.0
0.00933302262186616,0.0007522325749008679,0.005992652846164826,0.0,1.0,1.0
0.010309895396238593,3.778600089276084e-05,0.0029415841684348773,0.0,1.0,1.0
0.009900557973788167,9.644488001775928e-05,0.0075623935868334765,0.0,1.0,1.0
0.010821214737239905,2.681447229621382e-05,0.007024903682373362,0.0,0.375,0.375
0.009865678632483749,2.684036892116809e-05,0.007209167288997351,0.0,0.0,0.0
0.006645747138338401,3.186467921386417e-05,0.0062320087444115305,0.0,0.0,0.0
0.0035590554460053496,7.244507222481783e-05,0.004765456554836484,0.0,0.0,0.0
0.002650094129425078,0.00010553962950992323,0.004110468245013749,0.0,0.0,0.0
0.002582442325449385,0.00013477220269031548,0.0037147683080490626,0.0,0.0,0.0
0.0024809646194858446,0.0001539092671300899,0.0034917054916825253,0.0,0.0,0.0
0.0024809646194858446,0.00017844852040632228,0.003343706795048334,0.0,0.0,0.0
0.002882537406248412,0.00018373236939549494,0.003266866305176081,0.0,0.0,0.0
0.004540690631421741,0.0001696661370606544,0.003766220840687659,0.0,0.0,0.0
0.010046761581251649,0.00011254720749466387,0.00563829158285289,0.0,0.0,0.0
0.012881825490389662,0.0019495405090885168,0.006323696584427374,0.0,0.0,0.0
0.011661169866149549,6.841794132239989e-05,0.002874017584703559,0.0,0.0,0.0
0.01022602130231892,0.00017571090311142455,0.006307533263385763,0.0,0.0,0.0
0.005474010292697036,6.28256978708483e-05,0.00426728170952477,0.0,0.0,0.0
0.00534775995338134,4.686711966888837e-06,0.0023731459010767997,0.0,0.0,0.0
0.005200886090132705,2.3336420214767508e-05,0.0024097027567056566,0.0,0.0,0.0
0.005357045737937649,8.221656796895563e-07,0.004683469490304717,0.0,0.0,0.0
0.005385800597245882,1.5215227651276462e-06,0.003449076164083519,0.0,0.625,0.625
0.005397139135110179,1.1244995567137263e-06,0.004031144512013283,0.0,1.0,1.0
0.006973110687125942,0.00014864604809574462,0.0070628294399848295,0.0,1.0,1.0
0.00933302262186616,0.00021225962858691447,0.006244142649375536,0.0,1.0,1.0
0.010309895396238593,1.1584926097234578e-06,0.003032670031091896,0.0,1.0,1.0
0.009900557973788167,7.630578019313699e-05,0.008101465000739735,0.0,1.0,1.0
0.010821214737239905,5.895688557512146e-07,0.00748531478603233,0.0,0.375,0.375
0.009865678632483749,1.09778555762963e-06,0.007622642050596687,0.0,0.0,0.0
0.006645747138338401,1.1428764828138387e-06,0.0065065938213740345,0.0,0.0,0.0
0.0035590554460053496,2.1851025229628504e-05,0.005011733312175413,0.0,0.0,0.0
0.002650094129425078,5.3463215448935235e-05,0.004404475467501342,0.0,0.0,0.0
0.002582442325449385,7.262984689455428e-05,0.00401148595810854,0.0,0.0,0.0
0.0024809646194858446,9.278901733738471e-05,0.003748058277537613,0.0,0.0,0.0
0.0024809646194858446,0.00011237866092714335,0.0035885222116955784,0.0,0.0,0.0
0.002882537406248412,0.00011680034316603069,0.003494114445776673,0.0,0.0,0.0
0.004540690631421741,0.00012571903220585728,0.004014476412297752,0.0,0.0,0.0
0.010046761581251649,8.641578335781208e-05,0.0059223231359913165,0.0,0.0,0.0
0.012881825490389662,0.0021347168472908764,0.00658367259581386,3.129998654567742e-06,0.0,0.0
0.01159842148215014,5.124739511269936e-05,0.00306001548910473,1.2519994618270969e-05,0.0,0.0
0.010215427076762006,0.00014270786147277249,0.006603816144774934,1.0433328848559142e-06,0.0,0.0
0.005445488899422078,5.0418571349235946e-05,0.00444324159019875,1.0651338705096198e-05,0.0,0.0
0.005224686302397806,8.185483202472431e-07,0.002615275106448745,5.498520024516765e-05,0.0,0.0
0.0050682982423780444,8.060294785745221e-06,0.0029637002398439855,6.699131448731555e-05,0.0,0.0
0.005233894264943024,5.96149711453062e-07,0.005371558592081771,5.981256135420248e-05,0.0,0.0
0.005333568616792295,2.341027488735906e-06,0.004009438782802542,2.426138260605245e-05,1.875,1.875
0.005248926921027952,7.747903908295464e-07,0.0046242628177493575,8.86677230801429e-05,3.0,3.0
0.006819162051028108,0.00012044201843973289,0.008341823546378213,4.727699460332172e-05,3.0,3.0
0.00933302262186616,1.1295443540640223e-06,0.007106689516839859,0.0,3.0,3.0
0.010309895396238593,1.2831664442318252e-06,0.0037456668117137296,0.0,3.0,3.0
0.009900557973788167,0.00011197331166549928,0.009153368293508124,0.0,3.0,3.0
0.010821214737239905,1.117072087356234e-06,0.008361472417665912,0.0,2.375,2.375
0.009865678632483749,1.2595579951592837e-06,0.00837297336006379,0.0,2.0,2.0
0.006645747138338401,1.2542391660485987e-06,0.007130889557064717,0.0,2.0,2.0
0.0035590554460053496,6.4595383881117665e-06,0.005527233893215048,0.0,2.0,2.0
0.0027177459334007717,1.9273516446127057e-05,0.00483335849671794,0.0,2.0,2.0
0.0027177459334007717,3.153486618409062e-05,0.004392547814571232,0.0,2.0,2.0
0.0024809646194858446,4.458650117587857e-05,0.004106332578787002,0.0,1.375,1.375
0.0024809646194858446,5.76672154677125e-05,0.0039205736377856395,0.0,1.0,1.0
0.002882537406248412,6.510997147626875e-05,0.003789993813767457,0.0,1.0,1.0
0.004371561121482508,7.15796668935294e-05,0.004012422440600386,0.0,1.0,1.0
0.008425840183298587,6.151530894279093e-05,0.004858597519606565,0.0,1.0,1.0
0.011116803771805298,0.0016399085640669455,0.005688460316508791,0.0,1.0,1.0
0.014363709544966985,2.8690284525730784e-05,0.0034769183250540777,0.0,1.625,1.625
0.01068990454060911,0.00013220528361769588,0.0076016687017102565,0.0,2.0,2.0
0.005410155849156575,2.816629287593781e-05,0.004920437330118347,0.0,2.0,2.0
0.005245349448095118,1.059821945647155e-06,0.0024277329648069823,0.0,2.0,2.0
0.005120906053628191,1.7691296812317217e-05,0.0024403684516490745,0.0,2.0,2.0
0.005257565853387267,9.73056003071083e-07,0.004662930220970755,0.0,2.0,2.0
0.00528094577790595,3.6367873874587504e-07,0.003462265063676579,0.0,1.375,1.375
0.0052976592505597974,7.813874573601447e-07,0.004071303811062743,0.0,1.0,1.0
0.006869439279814823,0.00013912241305741066,0.007057940478796296,0.0,1.0,1.0
0.0089372380351858,0.00010554193672086716,0.006203552336319404,0.0,1.0,1.0
0.010721271066979914,1.1442253415071704e-06,0.003141071445559952,0.0,1.0,1.0
0.010142804134590254,9.78037863782897e-05,0.008394999963468328,0.0,1.0,1.0
0.010821214737239905,1.2488623447913833e-06,0.007656004144503599,0.0,1.0,1.0
0.010170111750374373,1.1801217041244517e-06,0.007693767952714796,0.0,1.0,1.0
0.007119309766168257,1.169941510443583e-06,0.006694605075892578,0.0,1.0,1.0
0.0037958367599202777,9.661835996932533e-06,0.005146742475186463,0.0,1.0,1.0
0.0027177459334007717,2.0981848286458026e-05,0.004616071099658671,0.0,1.0,1.0
0.0027177459334007717,3.807925367182895e-05,0.0042051628172740515,0.0,1.0,1.0
0.0024809646194858446,4.100045421469512e-05,0.003947512342487498,0.0,0.375,0.375
0.0024809646194858446,4.997032185662941e-05,0.003771551979553084,0.0,0.0,0.0
0.002882537406248412,6.228118198309187e-05,0.003636668946156506,0.0,0.0,0.0
0.004371561121482508,7.187970875459522e-05,0.0038815264756514273,0.0,0.0,0.0
0.008425840183298587,5.711462282765575e-05,0.004682444161032814,0.0,0.0,0.0
0.011116803771805298,0.001293548045178884,0.005586543208127532,0.0,0.0,0.0
0.014363709544966985,1.6798043713174215e-05,0.0033286188844026806,0.0,0.0,0.0
0.010695279475398658,0.00013351334162588622,0.007713447452571635,0.0,0.0,0.0
0.005410155849156575,1.3507115032243692e-05,0.005070856571194711,0.0,0.0,0.0
0.005245349448095118,9.146777333183895e-07,0.002447288834088455,0.0,0.0,0.0
0.005131655923207286,1.717982176826424e-05,0.0024599171311431006,0.0,0.0,0.0
0.005257565853387267,7.739767344577075e-07,0.003787267603158804,0.0,0.0,0.0
0.00528094577790595,1.6671444537201827e-06,0.003366318567061383,0.0,1.25,1.25
0.0052976592505597974,1.26835105945115e-06,0.003816422031564186,0.0,2.0,2.0
0.006869439279814823,0.00012071742353106869,0.007571430225884489,0.0,2.0,2.0
0.0089372380351858,4.5100774506573423e-05,0.006624545682751311,0.0,2.0,2.0
0.010721271066979914,1.286324681073168e-06,0.0032796457657618587,0.0,2.0,2.0
0.010142804134590254,7.161617013870143e-05,0.008615682137364085,0.0,2.0,2.0
0.010821214737239905,7.087699959144001e-07,0.007889466284609938,0.0,1.375,1.375
0.010170111750374373,1.1393964420337905e-06,0.007912824627073638,0.0,1.0,1.0
0.007119309766168257,1.1768175444221695e-06,0.006893519730878805,0.0,1.0,1.0
0.0037958367599202777,6.434088212902601e-06,0.005339346751964454,0.0,1.0,1.0
0.0027177459334007717,1.562358538124477e-05,0.0048135297726523965,0.0,1.0,1.0
0.0027177459334007717,2.7311051054598988e-05,0.0043730102887288335,0.0,1.0,1.0
0.0024809646194858446,4.81395811129036e-05,0.004073176995057644,0.0,1.0,1.0
0.0024809646194858446,6.661403201135607e-05,0.0038632430350758534,0.0,1.0,1.0
0.002882537406248412,8.441378096196829e-05,0.003734204425426999,0.0,1.0,1.0
0.004371561121482508,0.00010052702182523614,0.003930226811395425,0.0,1.0,1.0
0.008425840183298587,9.933483062383459e-05,0.004812814458289356,0.0,1.0,1.0
0.011116803771805298,0.002373703137087881,0.005644953670365364,2.0088051066628793e-06,1.0,1.0
0.014320313151490302,5.676215490880607e-05,0.0036850193591556764,1.2239696231294753e-05,1.0,1.0
0.010664300867866714,7.960570037368106e-05,0.007852715542981328,1.7487504920793904e-05,1.0,1.0
0.0054213920254177995,4.748922018821652e-05,0.004638898976865962,8.689249996262689e-06,1.0,1.0
0.005190750975598915,4.179266921899459e-06,0.00242683917814651,3.7606700252642275e-05,1.0,1.0
0.00509496017903585,1.1804991738346337e-06,0.0025877340714077404,4.578206987278191e-05,1.0,1.0
0.005173473374251848,9.507607513962925e-07,0.005670235276369429,5.173062452972159e-05,1.0,1.0
0.005194739647376766,8.223597834302661e-07,0.003768901427375687,5.9983854812910165e-05,1.0,1.0
0.00521120027938176,8.60840432439355e-07,0.004717374083676916,5.8161915297564765e-05,1.0,1.0
0.006858922876269001,0.00017586866505451597,0.00721077256685856,4.547062722058611e-06,1.0,1.0
0.0089372380351858,0.0015530376142064,0.00622779935254806,0.0,1.0,1.0
0.010721271066979914,1.5863722381832223e-05,0.003135731979431578,0.0,1.0,1.0
0.010142804134590254,0.00011102095573918466,0.007851592658417868,0.0,1.0,1.0
0.010821214737239905,2.3567268186612955e-05,0.007263588672111982,0.0,0.375,0.375
0.010170111750374373,3.136856528642023e-05,0.007352423958279192,0.0,0.0,0.0
0.007119309766168257,5.397930985379126e-05,0.006401377225501098,0.0,0.0,0.0
0.0037958367599202777,0.00010339441244889784,0.004907577493375346,0.0,0.0,0.0
0.002650094129425078,0.00013192997399697542,0.004354935379176826,0.0,0.0,0.0
0.002582442325449385,0.00017004295567985686,0.003928695736749174,0.0,0.0,0.0
0.0024809646194858446,0.00022044488015392062,0.0035481264531561853,0.0,0.625,0.625
0.0024809646194858446,0.00024898890691838876,0.0032639617536106575,0.0,1.0,1.0
0.002882537406248412,0.0002723510620717922,0.0030918568178950126,0.0,1.0,1.0
0.004540690631421741,0.0002814725226496168,0.003550807405249631,0.0,1.0,1.0
0.010046761581251649,0.00019804814254156924,0.0056727912523788756,0.0,1.0,1.0
0.012881825490389662,0.003675246088269604,0.006329117533836154,6.400146502623593e-06,1.0,1.0
0.011548434446958692,0.000111021301348768,0.0034018285478701524,5.526549863214387e-05,0.375,0.375
0.010044024679424977,0.00019184503219188908,0.007568576095062247,0.00013971317377503375,0.0,0.0
0.005359029928244042,3.461920392928043e-05,0.005083685083196639,8.556886869079474e-05,0.0,0.0
0.0052304356246166885,6.767399402312686e-07,0.002584173485558949,3.3495657243657776e-05,0.0,0.0
0.005089797981536238,5.302828271084817e-06,0.0033486308368419386,0.00013940173112283796,0.0,0.0
0.005222770007934594,5.274371918625386e-07,0.0061278124022757004,0.00013164680908316266,0.0,0.0
0.005227911476690867,2.685088538862248e-06,0.004336779779545571,1.0215318992022085e-05,1.875,1.875
0.00529101688536505,1.3332274916886402e-06,0.004735284807615099,9.10969757672701e-06,3.0,3.0
0.006900996684698113,0.00011068696511430491,0.008235653967607795,3.643879030690804e-05,3.0,3.0
0.00933302262186616,0.0005979347430185442,0.006952054651732646,0.0,3.0,3.0
0.010309895396238593,1.4186624434909592e-06,0.003343890125023745,0.0,3.0,3.0
0.009900557973788167,7.2232463927325e-05,0.00816810702544025,0.0,3.0,3.0
0.010821214737239905,3.6389773664724365e-06,0.007489990769382805,0.0,2.375,2.375
0.009865678632483749,1.7700981957103707e-05,0.007613687330311041,0.0,2.0,2.0
0.006645747138338401,4.740578294562265e-05,0.006482650235473661,0.0,2.0,2.0
0.0035590554460053496,0.000108204298498236,0.00493418669924305,0.0,2.0,2.0
0.002650094129425078,0.00015146475568120774,0.004231342142177106,0.0,2.0,2.0
0.002582442325449385,0.00020371193379598599,0.003814446696594269,0.0,2.0,2.0
0.0024809646194858446,0.0002148080180202182,0.003623340056760367,0.0,0.75,0.75
0.0024809646194858446,0.0002284780943494284,0.0034499788081285843,0.0,0.0,0.0
0.002882537406248412,0.00025226794692504725,0.0032771247208031686,0.0,0.0,0.0
0.004540690631421741,0.0002460825572532245,0.0037668737956652655,0.0,0.0,0.0
0.010046761581251649,0.00016834600417008988,0.0059291604308513626,0.0,0.0,0.0
0.012872634185552278,0.0032290556620835765,0.006560266299162073,1.0931637092072414e-05,0.0,0.0
0.011450100621490706,8.51087530025305e-05,0.0033537155298998395,4.3726548368289655e-05,0.0,0.0
0.010132363835963505,0.00020920179558447577,0.006782352049665469,3.6438790306908044e-06,0.0,0.0
0.005408506306599553,8.005753636811622e-05,0.0041498076026977564,0.0,0.0,0.0
0.005213702966785435,1.0003663401303642e-05,0.002307788977978071,0.0,0.0,0.0
0.005087132421145891,1.1194247674543208e-05,0.0023947577692024777,0.0,0.0,0.0
0.0052332085894693245,1.2219037376851283e-06,0.005151317067017298,0.0,0.0,0.0
0.005227911476690867,6.512786906501324e-07,0.0036277965198675314,2.7889689504133466e-05,0.0,0.0
0.005175407470411022,4.676959447066762e-07,0.004941884542809978,0.00011155875801653386,0.0,0.0
0.006858885523322589,0.00012734970613904087,0.008407359940225382,9.296563168044488e-06,0.0,0.0
0.00933302262186616,0.0004320943443093901,0.007110223120009479,0.0,0.0,0.0
0.010309895396238593,1.182322892131852e-06,0.0033746782379123776,0.0,0.0,0.0
0.009900557973788167,6.147631549147763e-05,0.008473151378021203,0.0,0.0,0.0
0.010821214737239905,1.4295481542186349e-06,0.007674593018411834,0.0,0.0,0.0
0.009865678632483749,1.2874545295197918e-06,0.007732021437450513,0.0,0.0,0.0
0.006645747138338401,1.8188136581533226e-05,0.006654862022561075,0.0,0.0,0.0
0.0035590554460053496,7.557403905766718e-05,0.0051307412582295465,0.0,0.0,0.0
0.002650094129425078,0.00011545476652352768,0.004420410829203025,0.0,0.0,0.0
0.002582442325449385,0.00015209353698679694,0.003992771072901247,0.0,0.0,0.0
0.0024809646194858446,0.00021057344699790048,0.0035891508676889083,0.0,0.625,0.625
0.0024809646194858446,0.00024259227965613733,0.0033025654661714495,0.0,1.0,1.0
0.002882537406248412,0.00025401159460048317,0.0031527455137722493,0.0,1.0,1.0
0.004540690631421741,0.00024994622693472386,0.0036195237590571725,0.0,1.0,1.0
0.010046761581251649,0.0001830090639303149,0.005748793843524596,0.0,1.0,1.0
0.012881825490389662,0.0035473527374044233,0.006362267921099445,4.9519381699131445e-06,1.0,1.0
0.011542529480717625,0.00011274771701803587,0.003331996442415295,4.652953223805181e-05,1.0,1.0
0.010022602762277876,0.00021330049639879453,0.00726626355582187,0.00012376730998260905,1.0,1.0
0.005374999088590504,4.614927944921217e-05,0.004748941118018582,6.98254426222973e-05,1.0,1.0
0.0052244528363645315,7.493868953403514e-07,0.002350029387349659,5.0765152307914625e-06,1.0,1.0
0.005087132421145891,2.0425483267050054e-05,0.00246134772696802,0.0,1.0,1.0
0.005222614363912412,6.857024023321086e-07,0.004808998388874264,2.8123271493280312e-05,1.0,1.0
0.0052281449427241415,9.81523612105624e-07,0.004219049983896384,0.0001402426262837666,1.625,1.625
0.005265581756848115,5.407364207333001e-07,0.005002235394064056,0.00012906183506993755,2.0,2.0
0.006887350291624881,0.00011930816805715988,0.008554844002124714,4.400684675526587e-05,2.0,2.0
0.00933302262186616,0.00014752413875090083,0.007155955082237442,0.0,2.0,2.0
0.010309895396238593,1.3951810060561273e-06,0.0033896749686293335,0.0,2.0,2.0
0.009900557973788167,6.155138850124637e-05,0.008470247463265633,0.0,2.0,2.0
0.010821214737239905,2.781451112841505e-07,0.00781729546728903,0.0,0.75,0.75
0.009865678632483749,1.0958240227966917e-06,0.007952262359675319,0.0,0.0,0.0
0.006645747138338401,2.1413137780565877e-06,0.006870901773786931,0.0,0.0,0.0
0.0035590554460053496,5.256194910970228e-05,0.005304811857992084,0.0,0.0,0.0
0.002650094129425078,9.686889053152642e-05,0.004591470929801461,0.0,0.0,0.0
0.002582442325449385,0.00012834947535793987,0.0041618096849424325,0.0,0.0,0.0
0.0024809646194858446,0.00019271963929160953,0.003715463259811507,0.0,1.25,1.25
0.0024809646194858446,0.00021906838578376254,0.003390030743489681,0.0,2.0,2.0
0.002882537406248412,0.00022697618494942068,0.0032103926222508965,0.0,2.0,2.0
0.004540690631421741,0.0002238700957645798,0.003688883702250437,0.0,2.0,2.0
0.010046761581251649,0.00016002255441530463,0.005825722789744319,0.0,2.0,2.0
0.012881825490389662,0.0028309925515197032,0.006370741508937837,0.0,2.0,2.0
0.01168357402418859,9.737774475174857e-05,0.00309045287574888,0.0,0.75,0.75
0.010263986136033387,0.00023936479567804084,0.006431896565204353,0.0,0.0,0.0
0.0054793074054754936,0.0001130153348608226,0.0040039897590234685,0.0,0.0,0.0
0.005355501380213507,3.3184099550481905e-05,0.002252872553973324,0.0,0.0,0.0
0.0052223858292908985,2.4461519083435498e-05,0.0022881115862807564,0.0,0.0,0.0
0.005373170542306294,1.0978370861580449e-06,0.005003345312053368,0.0,0.0,0.0
0.005393542024078047,8.43824421961428e-07,0.0033567282358062957,0.0,0.0,0.0
0.005427362541992482,9.102772484082777e-07,0.004035792924684856,0.0,0.0,0.0
0.006980929935969201,0.00015864298103933385,0.006792671248365128,0.0,0.0,0.0
0.00933302262186616,0.0007783856581810893,0.006159599451478357,0.0,0.0,0.0
0.010309895396238593,2.3195005755598744e-05,0.0030408949578098255,0.0,0.0,0.0
0.009900557973788167,8.389681107757482e-05,0.007772342550746159,0.0,0.0,0.0
0.010821214737239905,2.7147203795960375e-05,0.007027632786967909,0.0,0.625,0.625
0.009865678632483749,3.867979108821305e-05,0.007134817281945748,0.0,1.0,1.0
0.006645747138338401,5.900780203754024e-05,0.006115418079509204,0.0,1.0,1.0
0.0035590554460053496,0.00010718159426793073,0.004632768773085074,0.0,1.0,1.0
0.0027177459334007717,0.00013745852595748552,0.003994991761809565,0.0,1.0,1.0
0.0027177459334007717,0.0001601010177569021,0.003667247545710723,0.0,1.0,1.0
0.0024809646194858446,0.0001991391654023277,0.0034140793540628346,0.0,1.0,1.0
0.0024809646194858446,0.00020073035547170997,0.0032001807762267733,0.0,1.0,1.0
0.002882537406248412,0.00020712939012744268,0.0030767478088221095,0.0,1.0,1.0
0.004371561121482508,0.00021324828477696847,0.0033078077953530337,0.0,1.0,1.0
0.008425840183298587,0.0001748083231006656,0.004227584309361797,0.0,1.0,1.0
0.011109623241150059,0.0022914313482195726,0.005108304482437747,6.493579298282331e-06,1.0,1.0
0.014289016781501688,0.0001120786022947125,0.00322873703995744,4.307251879867848e-05,3.5,3.5
0.010612025162643738,0.00017809003145270586,0.007375366297605787,9.106583150205055e-05,5.0,5.0
0.005322050158651321,8.837929350870036e-05,0.0048234135398156075,0.00011767860613218124,5.0,5.0
0.005153515542127534,8.828684841469398e-06,0.002556425229415405,0.00016151415942873941,5.0,5.0
0.005021020024051245,5.626597011992925e-06,0.003293179056460632,0.00018306599096068845,5.0,5.0
0.00512866505817376,4.813119015106539e-07,0.00553746010932603,0.00017845663970819068,5.0,5.0
0.005205722982989137,1.2296327014947295e-06,0.004890277644204954,0.00017000097170107484,6.875,6.875
0.005201656489200194,4.764925931477312e-07,0.005009297996342425,0.00012082417691935877,8.0,8.0
0.006764458187659409,0.000130068715818745,0.008049140490018331,9.15641397455638e-06,8.0,8.0
0.0089372380351858,3.059101746796696e-05,0.006744673870931382,0.0,8.0,8.0
0.010721271066979914,1.4234423599754552e-06,0.0032275094948890156,0.0,8.0,8.0
0.010142804134590254,0.00013777517838563791,0.008261703750519012,0.0,8.0,8.0
0.010821214737239905,1.725279510724812e-07,0.007725342767220777,0.0,4.875,4.875
0.010170111750374373,1.0943788953701623e-06,0.007791909068787714,0.0,3.0,3.0
0.007119309766168257,1.293038122605677e-06,0.00671342647704434,0.0,3.0,3.0
0.0037958367599202777,4.4275110695827984e-05,0.00511532113809388,0.0,3.0,3.0
0.0027177459334007717,8.059182020279498e-05,0.0045684277847860884,0.0,3.0,3.0
0.0027177459334007717,0.00010556657484783794,0.004140988140043687,0.0,3.0,3.0
0.0024809646194858446,0.00016458221675017692,0.0035749709413579072,0.0,6.75,6.75
0.0024809646194858446,0.00021243277848379634,0.003178707104750574,0.0,9.0,9.0
0.002882537406248412,0.00023364027435155996,0.0030244887060376312,0.0,9.0,9.0
0.004371561121482508,0.0002523999402224056,0.003209549102594791,0.0,9.0,9.0
0.008425840183298587,0.0002182897100950659,0.004056340186757785,0.0,9.0,9.0
0.011109623241150059,0.0020191180937932044,0.004869619173188443,6.306713706964854e-06,9.0,9.0
0.014269995453638908,0.00010223600704899255,0.003246092580743415,2.5226854827859416e-05,5.875,5.875
0.01056197635875986,0.00015330984813248494,0.007373236374177451,2.233043816243852e-05,4.0,4.0
0.005295175484703579,5.2003843315351534e-05,0.0051320763954902735,8.091280104046761e-05,4.0,4.0
0.005103706678689232,6.734861496164057e-07,0.002460223502514348,3.603391485905351e-05,4.0,4.0
0.005004443010242175,5.691440044704691e-06,0.0031149831839415777,0.00011716472575605817,4.0,4.0
0.005107165319015567,4.6225324285837097e-07,0.0045610886066717905,4.255863842255542e-05,4.0,4.0
0.00512866505817376,5.030179483074548e-09,0.004849963368520202,0.00015850873783505,2.125,2.125
0.005185531684831548,2.8150531990553984e-07,0.0052224307179518925,0.00012043487360411402,1.0,1.0
0.006827271493466633,9.79654604345403e-05,0.008637158704173144,9.85715994199692e-06,1.0,1.0
0.0089372380351858,1.1246001915425733e-06,0.007298102518908997,0.0,1.0,1.0
0.010721271066979914,1.2330761620725126e-06,0.003790968537117409,0.0,1.0,1.0
0.010142804134590254,7.530056671983214e-05,0.009224484803655182,0.0,1.0,1.0
0.010821214737239905,1.4486931644741173e-06,0.008377838782513669,0.0,1.0,1.0
0.010170111750374373,1.2815867185659013e-06,0.008226794029785128,0.0,1.0,1.0
0.007119309766168257,1.271078342514765e-06,0.0071222237570851615,0.0,1.0,1.0
0.0037958367599202777,2.165593542483378e-05,0.005500478445898861,0.0,1.0,1.0
0.002650094129425078,5.51166559496421e-05,0.004914001306067661,0.0,1.0,1.0
0.002582442325449385,8.810216069806757e-05,0.004451318133007247,0.0,1.0,1.0
0.0024809646194858446,0.00010999411055928489,0.004160204333773189,0.0,1.0,1.0
0.0024809646194858446,0.0001307396158391343,0.0039134913372541645,0.0,1.0,1.0
0.002882537406248412,0.00014184686623310006,0.0036692589464392025,0.0,1.0,1.0
0.004540690631421741,0.0001487444017531504,0.004109583373345643,0.0,1.0,1.0
0.010046761581251649,0.0001154522656103414,0.006225666525994683,0.0,1.0,1.0
0.012878235225062038,0.0027924760207906885,0.006775640875658343,2.289103493639095e-06,1.0,1.0
0.01161744281001292,7.647931964851792e-05,0.0031470667817519887,9.15641397455638e-06,1.0,1.0
0.010269891102274454,0.00021641519749341175,0.006457393083758823,7.630344978796984e-07,1.0,1.0
0.0054614580597685414,8.267412419094087e-05,0.004361628610133405,9.203130372385749e-06,1.0,1.0
0.005279636634592383,4.119534812098284e-06,0.0025406903086506597,3.6812521489542995e-05,1.0,1.0
0.005200927253053883,1.551785090548655e-05,0.002552625256563758,1.5213973559764598e-05,1.0,1.0
0.005233972086954116,5.448629558724906e-07,0.004216548669584243,6.241310750003737e-05,1.0,1.0
0.005244721956533213,4.400422811854058e-07,0.004141186420630405,7.720663347933765e-05,1.0,1.0
0.005279636634592383,5.046524366297327e-07,0.004622225185868896,7.608543993143278e-05,1.0,1.0
0.006925037934536688,0.00012103838045550778,0.008611704516263237,6.322285839574644e-06,1.0,1.0
0.00933302262186616,1.1201244021641464e-06,0.007317965325826567,0.0,1.0,1.0
0.010309895396238593,1.1807664449254208e-06,0.003898741871271674,0.0,1.0,1.0
0.009900557973788167,2.0413501102361797e-05,0.009213861557096041,0.0,1.0,1.0
0.010821214737239905,2.5448519447357715e-06,0.008452288417160565,0.0,2.875,2.875
0.009865678632483749,1.3192080878106093e-06,0.008480579058451464,0.0,4.0,4.0
0.006645747138338401,1.2355177654476644e-06,0.007195317064534235,0.0,4.0,4.0
0.0035590554460053496,2.4993086460344854e-06,0.00549452978142538,0.0,4.0,4.0
0.002650094129425078,1.1247861315112922e-05,0.0048077988903308545,0.0,4.0,4.0
0.002582442325449385,1.775292708387739e-05,0.004367546644910906,0.0,4.0,4.0
0.0024809646194858446,1.9940957273277698e-05,0.0040804534674278485,0.0,3.375,3.375
0.0024809646194858446,2.186289166154252e-05,0.003879136572172313,0.0,3.0,3.0
0.002882537406248412,2.7010244223112735e-05,0.0037540890796084266,0.0,3.0,3.0
0.004540690631421741,3.423397144885893e-05,0.004162453781470408,0.0,3.0,3.0
0.010046761581251649,1.512430948668715e-05,0.005870060256043309,0.0,3.0,3.0
0.012871054694406798,0.0009401845085296581,0.0068625123692062,8.362235211457103e-06,3.0,3.0
0.011521749514274836,1.246669174491091e-06,0.0027975053802297804,5.2929678740675407e-05,3.625,3.625
0.0100552267584445,8.411485819112994e-05,0.007699927572388408,8.071036331654034e-05,4.0,4.0
0.005350038697244955,6.8148781291671504e-06,0.005846059050149337,4.09235644985275e-05,4.0,4.0
0.005181312436652086,6.149967424478267e-07,0.003462497391439527,0.00013771994080098065,4.0,4.0
0.0050682982423780444,2.0604947217238733e-06,0.0033636563977620056,1.1476661733415056e-05,4.0,4.0
0.0052120201383554976,7.365281700245233e-07,0.004574809292502562,3.27014784805585e-05,4.0,4.0
0.0052120201383554976,1.544936839801789e-06,0.005149987916464183,0.000130805913922234,5.875,5.875
0.005304463909646711,1.3925061520105905e-06,0.005004221213754895,1.0900492826852834e-05,7.0,7.0
0.006888909561413319,9.45531661405978e-05,0.00941662748159999,0.0,7.0,7.0
0.00933302262186616,7.298900053499134e-05,0.00791127391315849,0.0,7.0,7.0
0.010309895396238593,1.6245679757663485e-06,0.0036708150666665794,0.0,7.0,7.0
0.009900557973788167,0.00010889038088234197,0.009040973948786174,0.0,7.0,7.0
0.010821214737239905,5.8610656403695893e-08,0.008460878643660791,0.0,3.875,3.875
0.009865678632483749,1.017794330853921e-06,0.008599628651724351,0.0,2.0,2.0
0.006645747138338401,1.1763782941152756e-06,0.007390962023328083,0.0,2.0,2.0
0.0035590554460053496,1.1224469100957218e-05,0.005740210732327936,0.0,2.0,2.0
0.002650094129425078,3.176369441147987e-05,0.005009740481592193,0.0,2.0,2.0
0.002582442325449385,6.592088990310415e-05,0.004573612796876757,0.0,2.0,2.0
0.0024809646194858446,7.661809532770527e-05,0.004398355892897013,0.0,0.75,0.75
0.0024809646194858446,9.185582290742606e-05,0.004200102507709296,0.0,0.0,0.0
0.002882537406248412,0.00012033087982658062,0.0039089637440073086,0.0,0.0,0.0
0.004540690631421741,0.00014160227466207545,0.004325618329039201,0.0,0.0,0.0
0.010046761581251649,0.0001106128855416563,0.006453221723294131,0.0,0.0,0.0
0.012878235225062038,0.0031213355368942867,0.007012940186919678,3.6438790306908044e-06,0.0,0.0
0.011623955629716597,9.383587369805596e-05,0.0033688505043521634,2.3171333323367167e-05,1.25,1.25
0.01020219746519496,0.0002410190702570283,0.006968169042794344,6.288027147833106e-05,2.0,2.0
0.005386356811632208,6.845830611964796e-05,0.005282063715621291,0.00014595759895155944,2.0,2.0
0.005214014254829802,6.074157406403928e-07,0.003154144622637595,0.00018044987268224378,2.0,2.0
0.00510100006055576,1.6670915552723413e-06,0.004026292715993386,0.00017347355727305796,2.0,2.0
0.005321327671908164,5.413305772610464e-07,0.005891046063845591,0.00012502865272400203,2.0,2.0
0.005305202867539519,1.5770898882002757e-06,0.005335879976373955,0.0001642392826354526,3.25,3.25
0.005381465209489423,8.40356823012676e-07,0.005707022211174834,0.00011851950129310988,4.0,4.0
0.007006950390217783,9.591836063995423e-05,0.008900387682388369,8.969548383238902e-06,4.0,4.0
0.00933302262186616,0.0004075462292518475,0.007527447701669675,0.0,4.0,4.0
0.010309895396238593,1.4597836548899182e-06,0.003675860730731812,0.0,4.0,4.0
0.009900557973788167,8.612081510835701e-05,0.008668129611689683,0.0,4.0,4.0
0.010821214737239905,1.1596647988773938e-07,0.00810354597957167,0.0,1.5,1.5
0.009865678632483749,9.450798024126915e-07,0.008253238614282024,0.0,0.0,0.0
0.006645747138338401,7.055754313726469e-06,0.007139618536853215,0.0,0.0,0.0
0.0035590554460053496,6.543586422365775e-05,0.005577788825752226,0.0,0.0,0.0
0.0027177459334007717,0.00010881570328750219,0.004865539906036103,0.0,0.0,0.0
0.0027177459334007717,0.00014120021582518692,0.004457845031539617,0.0,0.0,0.0
0.0024809646194858446,0.00018770416417510801,0.004060949875883599,0.0,0.0,0.0
0.0024809646194858446,0.00022323258989666113,0.0037628823198611002,0.0,0.0,0.0
0.002882537406248412,0.00023953090543852757,0.0035526541216607294,0.0,0.0,0.0
0.004371561121482508,0.00025132590991477547,0.0037196114574531477,0.0,0.0,0.0
0.008425840183298587,0.00019900228383512382,0.0046536796099648,0.0,0.0,0.0
0.011109623241150059,0.003560526544034049,0.005616331053696996,6.026415319988638e-06,0.0,0.0
0.014294236072269054,0.00012258774480682717,0.00383227332515524,2.4105661279954552e-05,0.625,0.625
0.010578475550557836,0.00017404482994745876,0.007746356263778735,2.2657452947244104e-05,1.0,1.0
0.005300550419493128,9.039523640180317e-05,0.004890749985215415,8.25945913623249e-05,1.0,1.0
0.005109003791467689,4.753576826046101e-06,0.002405590287924774,3.687481001998215e-05,1.0,1.0
0.005009817945031723,5.690457023311599e-06,0.0032534924947284524,0.00015463127681521234,1.0,1.0
0.00512866505817376,4.171321474872491e-07,0.005794619013645939,0.00018125962357795283,1.0,1.0
0.005139867137193282,1.0445360744526588e-06,0.005164697676385169,0.00014198670513606307,2.25,2.25
0.005224005352959109,6.69439985320539e-07,0.004813220416394868,1.0869348561633255e-05,3.0,3.0
0.0067852381541022,0.0001253378075761996,0.00837227048644361,0.0,3.0,3.0
0.0089372380351858,5.8651911227473905e-06,0.007102189774734557,0.0,3.0,3.0
0.010721271066979914,1.3995910487448795e-06,0.0035210286933244073,0.0,3.0,3.0
0.010142804134590254,7.0123264035074e-05,0.008721258684110977,0.0,3.0,3.0
0.010821214737239905,4.862336003367298e-07,0.008019350686097227,0.0,1.75,1.75
0.010170111750374373,1.1307974666491592e-06,0.007987061877624534,0.0,1.0,1.0
0.007119309766168257,1.1896519434880202e-06,0.006937031477819601,0.0,1.0,1.0
0.0037958367599202777,2.335309420363549e-05,0.0053351406399904594,0.0,1.0,1.0
0.002650094129425078,4.832759197644342e-05,0.004759342055299812,0.0,1.0,1.0
0.002582442325449385,6.819598228809657e-05,0.004288937433595499,0.0,1.0,1.0
0.0024809646194858446,0.00010095298407775619,0.0038877113565795435,0.0,2.875,2.875
0.0024809646194858446,0.00012187330774653543,0.0036241155557124104,0.0,4.0,4.0
0.002882537406248412,0.0001392506702672597,0.0034720549254035112,0.0,4.0,4.0
0.004540690631421741,0.000155792820455798,0.003967422151968391,0.0,4.0,4.0
0.010046761581251649,0.00012933408675322458,0.005930512015495713,0.0,4.0,4.0
0.012874644959734418,0.0025540258674982,0.006501479641800276,6.353430104794223e-06,4.0,4.0
0.011586399280673162,7.268318753515141e-05,0.0031610766802561926,2.5413720419176892e-05,2.125,2.125
0.010109295199489188,0.00019834569229926213,0.0068953233772356065,2.4308099003881822e-05,1.0,1.0
0.005369779797823138,4.304611850319233e-05,0.00535055113544933,0.00012440576741961043,1.0,1.0
0.005202812175810279,5.489126749720107e-07,0.0033784710972826304,0.00018220952366715002,1.0,1.0
0.005089797981536238,7.717444991899771e-07,0.0043828780352590056,0.00017543564598189145,1.0,1.0
0.005233519877513691,4.817214293452721e-07,0.006185185309059603,0.00014921217466700552,1.0,1.0
0.005227911476690867,1.6810411140959902e-06,0.004864897133586807,1.1538950263854213e-05,2.875,2.875
0.005309352537754132,9.60835569952661e-07,0.004800945419276426,0.0,4.0,4.0
0.006994654151053524,8.77129778031869e-05,0.008722716420045464,0.0,4.0,4.0
0.00933302262186616,1.2400369411914911e-06,0.007551145208277193,0.0,4.0,4.0
0.010309895396238593,1.4599901989300062e-06,0.0037945599413488186,0.0,4.0,4.0
0.009900557973788167,6.744923279156426e-05,0.009094090783362891,0.0,4.0,4.0
0.010821214737239905,1.306588075791542e-06,0.008273307933406797,0.0,3.375,3.375
0.009865678632483749,1.3575743809857845e-06,0.008207366684303316,0.0,3.0,3.0
0.006645747138338401,1.3247554978415777e-06,0.007011753694602602,0.0,3.0,3.0
0.0035590554460053496,4.3705095351648095e-05,0.005404972433563876,0.0,3.0,3.0
0.0027177459334007717,8.995825267456256e-05,0.004704676104659422,0.0,3.0,3.0
0.0027177459334007717,0.00011972550133688329,0.00429404522816185,0.0,3.0,3.0
0.0024809646194858446,0.00013720034055943997,0.00399444350666239,0.0,2.375,2.375
0.0024809646194858446,0.00016366343037254135,0.003755439848157574,0.0,2.0,2.0
0.002882537406248412,0.00018412749207555993,0.003505784071483481,0.0,2.0,2.0
0.004371561121482508,0.00021621707367536645,0.003651090988998205,0.0,2.0,2.0
0.008425840183298587,0.00018457957288168776,0.004568926376204546,0.0,2.0,2.0
0.011109623241150059,0.0031453798867828314,0.005558865067627626,8.128653222310257e-06,2.0,2.0
0.014262254026806741,8.886257142223504e-05,0.0038106567293536343,3.251461288924103e-05,0.75,0.75
0.010546537229864913,8.018995459992684e-05,0.007863783442573427,3.153356853482427e-05,0.0,0.0
0.005245444443276369,2.445839562463549e-05,0.005838245733847525,0.0001152960698428834,0.0,0.0
0.00508705184286907,6.545857852509272e-07,0.0026548814784580336,9.608005820240283e-06,0.0,0.0
0.004988318205873529,9.207447027815923e-06,0.003025366233241949,3.4616850791562644e-05,0.0,0.0
0.005107165319015567,5.033467578379953e-07,0.005368851670896257,0.00013846740316625058,0.0,0.0
0.0051177595445724795,4.302582942988527e-07,0.004620707244872385,3.8073864230935974e-05,0.0,0.0
0.005136330674855856,4.137056902300976e-07,0.00513586214853071,0.00010613965586832702,0.0,0.0
0.006764458187659409,0.0001103320288567408,0.009135768091744429,8.844971322360585e-06,0.0,0.0
0.0089372380351858,1.105190440020699e-06,0.007656784541328276,0.0,0.0,0.0
0.010721271066979914,1.200187967740102e-06,0.004077417187511846,0.0,0.0,0.0
0.010142804134590254,1.8666608573263517e-05,0.009703231823065766,0.0,0.0,0.0
0.010821214737239905,4.085603570038185e-06,0.008695723866563941,0.0,2.5,2.5
0.010170111750374373,1.639530768532792e-06,0.008357428364378344,0.0,4.0,4.0
0.007119309766168257,1.436314057277927e-06,0.007186656836808355,0.0,4.0,4.0
0.0037958367599202777,1.919370995256212e-05,0.005538677408273087,0.0,4.0,4.0
0.0027177459334007717,4.297067512755857e-05,0.0048842420609657156,0.0,4.0,4.0
0.0027177459334007717,8.599362938335402e-05,0.004426698241130161,0.0,4.0,4.0
0.0024809646194858446,9.026047827774179e-05,0.0042438358745757136,0.0,2.125,2.125
0.0024809646194858446,9.784729455491168e-05,0.004080209547170002,0.0,1.0,1.0
0.002882537406248412,0.00011481553765944568,0.003827804905553268,0.0,1.0,1.0
0.004371561121482508,0.00013082281236509577,0.003969827266029061,0.0,1.0,1.0
0.008425840183298587,0.00012574064967175492,0.0048955831710751,0.0,1.0,1.0
0.011116803771805298,0.0027922635371735913,0.005811948439119803,2.6161182784446803e-06,1.0,1.0
0.01430197749910122,8.648499332086792e-05,0.0037445910463051214,1.6958052412061053e-05,2.25,2.25
0.010579769079494145,0.00011253681570716602,0.007833492196245906,3.618963618515141e-05,3.0,3.0
0.005321738870606956,7.050578013906122e-05,0.004785273998605248,3.953764469625621e-05,3.0,3.0
0.005211530942041706,1.3515955627144518e-05,0.0023215100687740808,1.6708898290304415e-05,3.0,3.0
0.005036930647762727,5.7252512651686466e-06,0.002513503988731406,5.4377887073385855e-05,3.0,3.0
0.005218528056566487,7.639052651180069e-07,0.005015665675876906,2.2096856173291674e-05,3.0,3.0
0.005145164249971739,1.0746662947246635e-08,0.003829475747000351,7.026146233537141e-05,1.125,1.125
0.005285107017631301,4.321696127137497e-07,0.004451191598645474,5.85512186128095e-06,0.0,0.0
0.006864142167036367,0.00015459141598853478,0.007678320859983047,0.0,0.0,0.0
0.0089372380351858,0.00040978367703515574,0.0065873177180821455,0.0,0.0,0.0
0.010721271066979914,1.148309029002589e-06,0.0033132068531805964,0.0,0.0,0.0
0.010142804134590254,5.065470843104801e-05,0.008462309376954384,0.0,0.0,0.0
0.010821214737239905,1.275355886864178e-06,0.0077450752909848765,0.0,0.0,0.0
0.010170111750374373,1.2041599573673992e-06,0.007711949915695187,0.0,0.0,0.0
0.007119309766168257,1.2034755446549784e-06,0.0067547959646947,0.0,0.0,0.0
0.0037958367599202777,3.877669698372256e-05,0.0052224339170751435,0.0,0.0,0.0
0.002650094129425078,7.248779754694038e-05,0.004679154380591635,0.0,0.0,0.0
0.002582442325449385,9.824372162414525e-05,0.004229514320764476,0.0,0.0,0.0
0.0024809646194858446,0.00011704827991296036,0.003952036159871863,0.0,0.0,0.0
0.0024809646194858446,0.0001323475627231151,0.0037417084848577033,0.0,0.0,0.0
0.002882537406248412,0.0001420224348355445,0.003552420697624109,0.0,0.0,0.0
0.004540690631421741,0.00014804093715252095,0.004037824136117887,0.0,0.0,0.0
0.010046761581251649,0.00011091607985985577,0.006143679763468172,0.0,0.0,0.0
0.012874644959734418,0.0027411627945704373,0.006723675383618816,5.792833330841792e-06,0.0,0.0
0.011573360741062537,7.763858776028266e-05,0.0032957138143050227,5.3303409923310365e-05,0.625,0.625
0.010065976628023597,0.0001536007307499549,0.007662724179108836,0.00014352834626443225,1.0,1.0
0.005369779797823138,3.5815407875618935e-05,0.005391949074005018,9.43204072174966e-05,1.0,1.0
0.0052304356246166885,8.069579356068755e-07,0.002675341664957128,3.776242157874018e-05,1.0,1.0
0.005089797981536238,4.655187727284643e-06,0.003334083833853248,0.00012295755908689997,1.0,1.0
0.0052120201383554976,7.137768946901876e-07,0.00583708793795723,4.266764335082395e-05,1.0,1.0
0.005244721956533213,3.7689047949437123e-06,0.004514731291417907,0.00012968472037432915,5.375,5.375
0.005334157285077497,8.409507734757129e-07,0.004527264517967273,1.0807060031194097e-05,8.0,8.0
0.006994654151053524,0.00013439894858710682,0.007795134612132833,0.0,8.0,8.0
0.00933302262186616,2.4149806605060747e-05,0.006732481886822903,0.0,8.0,8.0
0.010309895396238593,4.422904188439453e-06,0.003146018731295847,0.0,8.0,8.0
0.009900557973788167,0.00016884498021809837,0.007976741421152744,0.0,8.0,8.0
0.010821214737239905,1.9573809566193224e-05,0.007451525304473297,0.0,4.25,4.25
0.009865678632483749,2.345847086713029e-05,0.007722659931832009,0.0,2.0,2.0
0.006645747138338401,6.155409998277044e-05,0.006534445205763399,0.0,2.0,2.0
0.0035590554460053496,0.00013049627971772063,0.004947825868232723,0.0,2.0,2.0
0.002650094129425078,0.00019791491050081156,0.0042040128870396475,0.0,2.0,2.0
0.002582442325449385,0.0002731528283941651,0.003736927241666952,0.0,2.0,2.0
0.0024809646194858446,0.0003272821557494323,0.0033724538966660666,0.0,2.0,2.0
0.0024809646194858446,0.00037091504711833076,0.0030912284137289024,0.0,2.0,2.0
0.002882537406248412,0.00040983360582644046,0.0028983338951763826,0.0,2.0,2.0
0.004540690631421741,0.00041762874441790066,0.0033345063804610673,0.0,2.0,2.0
0.010046761581251649,0.00029141017006578055,0.005284948351437067,0.0,2.0,2.0
0.012878235225062038,0.004504577146144579,0.006003031590128808,5.605967739524315e-06,2.0,2.0
0.011594140707505328,0.00020694547076606344,0.0032983356984193257,2.242387095809726e-05,2.625,2.625
0.01015593997615838,0.00044462555025168756,0.0059292293378040125,2.2704169345073474e-05,3.0,3.0
0.005385904602191781,0.0003722171082872367,0.003941786313307628,0.00011366099591885547,3.0,3.0
0.005290619970204753,0.00010289363890355222,0.002473062750985828,0.00016358525306584145,3.0,3.0
0.005112202139575282,4.280042166813051e-05,0.0029915308174339175,0.0001859001190956702,3.0,3.0
0.005244721956533213,3.205728870701704e-06,0.006237089412459439,0.00018150877769970947,3.0,3.0
0.005327154816138138,4.591236311090512e-08,0.004393219163399894,0.00016715127143348331,1.75,1.75
0.005386762322267881,3.573465549126274e-07,0.0053071807680363375,0.00011562308462768899,1.0,1.0
0.007023041097344726,0.00018190219524699032,0.007479227637101579,8.735966394092058e-06,1.0,1.0
0.00933302262186616,0.001611306535136949,0.006564297351555086,0.0,1.0,1.0
0.010309895396238593,5.456272026742308e-05,0.003177449150260323,0.0,1.0,1.0
0.009900557973788167,0.00020443506183486564,0.007722986687131755,0.0,1.0,1.0
0.010821214737239905,0.00011045609168418787,0.007052258652787832,0.0,1.625,1.625
0.009865678632483749,0.00012061049147100774,0.00711890255245395,0.0,2.0,2.0
0.006645747138338401,0.0001658661997220167,0.005829941056085226,0.0,2.0,2.0
0.0035590554460053496,0.00024091131296278355,0.004334957285436379,0.0,2.0,2.0
0.002650094129425078,0.0003399121424245073,0.0036731978626541825,0.0,2.0,2.0
0.002582442325449385,0.00040526066388147264,0.0032752424924387398,0.0,2.0,2.0
0.0024809646194858446,0.00042447892960759814,0.0030404461816861367,0.0,1.375,1.375
0.0024809646194858446,0.0004479967411170501,0.0028423346237366363,0.0,1.0,1.0
0.002882537406248412,0.00048216314541805734,0.002679374681640682,0.0,1.0,1.0
0.004540690631421741,0.0004831208905107023,0.003140534510871437,0.0,1.0,1.0
0.010046761581251649,0.0003119151602603455,0.005087747325371849,0.0,1.0,1.0
0.012878235225062038,0.004291281736641103,0.005881386977456558,5.372385750377468e-06,1.0,1.0
0.011580494314432095,0.0002028506724133533,0.0032451064361578136,2.1489543001509873e-05,1.625,1.625
0.010165440041570557,0.00041233650525407883,0.005694376325687645,1.7907952501258227e-06,2.0,2.0
0.005419256176178649,0.0004150171004446119,0.003212530772502974,0.0,2.0,2.0
0.005213702966785435,0.00014031170568886932,0.002156650777064292,0.0,2.0,2.0
0.005077715331761968,0.00011655444258552585,0.0022044430754912608,3.3495657243657776e-05,2.0,2.0
0.0052120201383554976,4.770138057539913e-05,0.005705763662603489,0.00016635709267038404,2.0,2.0
0.005217395073145046,4.500669635147189e-07,0.003736323473484187,0.00016677754025084838,2.0,2.0
0.005257232476553339,4.156341690291019e-07,0.004748249980961555,0.00011524935344505403,2.0,2.0
0.006933387214831462,0.00017754573085363578,0.006850624622940756,8.704822128872479e-06,2.0,2.0
0.00933302262186616,0.0017493217267659199,0.006023612867838523,0.0,2.0,2.0
0.010309895396238593,7.907682913363448e-05,0.0029003916862370073,0.0,2.0,2.0
0.009900557973788167,0.0002453164837676132,0.0071621577312595205,0.0,2.0,2.0
0.010821214737239905,0.0001147160703663719,0.006750799376230517,0.0,0.75,0.75
0.009865678632483749,0.00011035132746463116,0.006982265523379678,0.0,0.0,0.0
0.006645747138338401,0.0001579382659063261,0.005753714831713151,0.0,0.0,0.0
0.0035590554460053496,0.00023984744716966556,0.004284252465957099,0.0,0.0,0.0
0.002650094129425078,0.00033634378083130084,0.0036584328861338747,0.0,0.0,0.0
0.002582442325449385,0.00039790181590815726,0.003283189287148491,0.0,0.0,0.0
0.0024809646194858446,0.0004511445730600506,0.0029883070272824124,0.0,0.0,0.0
0.0024809646194858446,0.0004945943036298277,0.0027760621600504205,0.0,0.0,0.0
0.002882537406248412,0.0005718201373110459,0.0026784452112713023,0.0,0.0,0.0
0.004540690631421741,0.0005100965286179598,0.0030944820601481195,0.0,0.0,0.0
0.010046761581251649,0.0003250419950595107,0.005038772845362809,0.0,0.0,0.0
0.012878235225062038,0.004270285736339546,0.005826589519967745,5.5592513416949455e-06,0.0,0.0
0.011610231414632272,0.0002444374366888453,0.0030921836896501695,2.2237005366779782e-05,3.125,3.125
0.01017251698996745,0.0005112387085972343,0.0052006331744400254,2.315576119075738e-05,5.0,5.0
0.005385904602191781,0.0003894905736754294,0.003539905852715507,0.00011660412898210574,5.0,5.0
0.00526912023104656,9.986021524727603e-05,0.0021965450732138853,0.00016369425799411,5.0,5.0
0.005089797981536238,5.0874643240626644e-05,0.0026177029055129107,0.00016901992734665808,5.0,5.0
0.0052783281935917786,6.600448944209766e-06,0.005593282871394495,0.00018057444974312208,5.0,5.0
0.005289078063170875,5.068745365593164e-06,0.00423480977888474,0.00016687097304650712,4.375,4.375
0.00534011754559869,3.911974289023487e-06,0.004898927727772115,0.00011504691572112677,4.0,4.0
0.007023041097344726,0.00024627874502889736,0.0070158034698026,8.689249996262689e-06,4.0,4.0
0.00933302262186616,0.0012869642336011398,0.006099506610155502,0.0,4.0,4.0
0.010309895396238593,9.097732670014015e-05,0.0029949982450956005,0.0,4.0,4.0
0.009900557973788167,0.0002785063475555174,0.007199575392749011,0.0,4.0,4.0
0.010821214737239905,0.00015626025229231215,0.006592181971286482,0.0,4.625,4.625
0.009865678632483749,0.0001638525828795766,0.006639091196329353,0.0,5.0,5.0
0.006645747138338401,0.0002064517943558606,0.005409524747454601,0.0,5.0,5.0
0.0035590554460053496,0.00029768559456327443,0.003923467144063606,0.0,5.0,5.0
0.002650094129425078,0.0004116210415416181,0.003343869967148117,0.0,5.0,5.0
0.002582442325449385,0.000482824817459018,0.0029195562577377086,0.0,5.0,5.0
0.0024809646194858446,0.0005588944479153984,0.0025984935327830173,0.0,5.0,5.0
0.0024809646194858446,0.0006383559003495122,0.0023776421236787184,0.0,5.0,5.0
0.002882537406248412,0.0007075844478219907,0.002232247300166686,0.0,5.0,5.0
0.004540690631421741,0.000703250340783674,0.0026539958167709917,0.0,5.0,5.0
0.010046761581251649,0.0004880089261390773,0.004446373027976084,0.0,5.0,5.0
0.012878235225062038,0.0042029798139378155,0.0052242554838241645,3.6438790306908044e-06,5.0,5.0
0.01163169705654876,0.000326736799439612,0.002978414990130037,3.643879030690804e-05,5.625,5.625
0.010210877408149679,0.000641727689195004,0.0055486256483659475,0.0001028227916224418,6.0,6.0
0.005464939908994321,0.0006675997710089613,0.003355329110479418,9.941249458089785e-05,6.0,6.0
0.0052583703614674645,0.00021101320629476832,0.0022374172541058377,0.0001820538023410521,6.0,6.0
0.0051453561671934225,0.0001461772236670356,0.002570315394715279,0.0001764634067341376,6.0,6.0
0.005321327671908164,9.111023775512333e-05,0.005460253117388354,0.00013748635881183382,6.0,6.0
0.0053325297509276845,5.887221158070411e-05,0.0036421749017853935,0.00016288450709840092,5.375,5.375
0.005403261514065859,3.374538963771789e-05,0.004343043524863583,0.00011465761240588202,5.0,5.0
0.007020596783291015,0.0004529219922798131,0.006467822251195678,8.65810573104311e-06,5.0,5.0
0.00933302262186616,0.001569458191430286,0.005663449956963245,0.0,5.0,5.0
0.010309895396238593,0.0001402537321728849,0.002835067773930692,0.0,5.0,5.0
0.009900557973788167,0.00037487750868235977,0.006681797645583121,0.0,5.0,5.0
0.010821214737239905,0.00018277217094396178,0.0064419208223917964,0.0,2.5,2.5
0.009865678632483749,0.00016122987067834297,0.006746570568883782,0.0,1.0,1.0
0.006645747138338401,0.00019424360687573207,0.005523148674694072,0.0,1.0,1.0
0.0035590554460053496,0.000282162951095077,0.004105834347429785,0.0,1.0,1.0
0.0027177459334007717,0.0003689485083106028,0.0035604806533754947,0.0,1.0,1.0
0.0027177459334007717,0.00041047253938489655,0.003209562565802109,0.0,1.0,1.0
0.0024809646194858446,0.00045663982132911003,0.002851271018564743,0.0,1.625,1.625
0.0024809646194858446,0.0004753902631002048,0.002607917756612439,0.0,2.0,2.0
0.002882537406248412,0.0004925005090171585,0.0024622720308448117,0.0,2.0,2.0
0.004371561121482508,0.0004908615904641518,0.002687596337350755,0.0,2.0,2.0
0.008425840183298587,0.00036798096025448065,0.0035813103743033243,0.0,2.0,2.0
0.011113213506477678,0.0033348249614070786,0.004647761385513423,7.054176072234763e-06,2.0,2.0
0.014190682956033705,0.00016408498336341668,0.0034255269080339583,4.732371100115109e-05,1.375,1.375
0.010475283921548546,0.00020425338753052294,0.007440399542171434,7.877941887292641e-05,1.0,1.0
0.0053554795546492786,0.0001438923666797287,0.003998498020705172,6.3690022374040134e-06,1.0,1.0
0.005120050226465027,5.441261446601841e-05,0.0021057724806058586,0.0,1.0,1.0
0.005007152384641375,3.933899939596389e-05,0.0021687380715650633,0.0,1.0,1.0
0.0051177595445724795,1.4790375828900726e-05,0.005013519686346066,3.228103090009418e-05,1.0,1.0
0.005095963239996045,1.0424349712416556e-06,0.0036373197933729064,0.00012912412360037672,1.625,1.625
0.005220544700771754,6.570994222106803e-07,0.0040565132412476125,1.0760343633364726e-05,2.0,2.0
0.006850495773963134,0.00020893562316929597,0.00638667083113217,0.0,2.0,2.0
0.0089372380351858,0.001024053744470864,0.005526831089271828,0.0,2.0,2.0
0.010721271066979914,5.5867990438182646e-05,0.0028352363389184984,0.0,2.0,2.0
0.010142804134590254,0.0001889605997027223,0.007096029514977809,0.0,2.0,2.0
0.010821214737239905,8.330691108755455e-05,0.00662196508719207,0.0,1.375,1.375
0.010170111750374373,8.400757966937883e-05,0.006710307874817131,0.0,1.0,1.0
0.007119309766168257,0.00012441493205011793,0.005667947885635431,0.0,1.0,1.0
0.0037958367599202777,0.00018833145496370413,0.00418234540637893,0.0,1.0,1.0
0.0027177459334007717,0.0002691002644760569,0.003674068934683588,0.0,1.0,1.0
0.0027177459334007717,0.00033605624602391646,0.0032740647869846915,0.0,1.0,1.0
0.0024809646194858446,0.0004044435841679029,0.0028815431505135143,0.0,1.625,1.625
0.0024809646194858446,0.0004523404864854373,0.0026307523955468115,0.0,2.0,2.0
0.002882537406248412,0.0004842429129225145,0.002493795989278319,0.0,2.0,2.0
0.004371561121482508,0.0005028574739826641,0.002672853765702087,0.0,2.0,2.0
0.008425840183298587,0.0004129266815294806,0.00347675297897676,0.0,2.0,2.0
0.011116803771805298,0.004047347005473042,0.004546303647957416,0.0,2.0,2.0
0.014393932951849289,0.0002075965649779053,0.0032885379753964687,0.0,1.375,1.375
0.010774105666321733,0.0003614249155957515,0.006668182341151941,0.0,1.0,1.0
0.005431499944292585,0.0003398489108252899,0.00329810338248626,0.0,1.0,1.0
0.00526612941453791,0.00014395107244322112,0.0020548074901860654,0.0,1.0,1.0
0.005147114337478344,0.00013593475025034982,0.0020246006445493354,0.0,1.0,1.0
0.0052837985766306965,0.00012683531173710678,0.00485800986815915,0.0,1.0,1.0
0.005304578543073487,0.00012941215429700063,0.0027943883758118435,0.0,1.0,1.0
0.0053711446039350266,0.00013182864498919767,0.003555544307370446,0.0,1.0,1.0
0.006909926249594094,0.0005102362703522344,0.004613631613027508,0.0,1.0,1.0
0.0089372380351858,0.0018089297555970555,0.004482174483972204,0.0,1.0,1.0
0.010721271066979914,0.0001446751010525391,0.002447718110026429,0.0,1.0,1.0
0.010142804134590254,0.0002911433908125057,0.006215439655248408,0.0,1.0,1.0
0.010821214737239905,0.00015598804181167532,0.0058249199584093974,0.0,1.0,1.0
0.010170111750374373,0.00014486672050305352,0.00596904110053506,0.0,1.0,1.0
0.007119309766168257,0.00016571361638938585,0.005006647302420327,0.0,1.0,1.0
0.0037958367599202777,0.00022849365731480124,0.003616774379971904,0.0,1.0,1.0
0.002650094129425078,0.0003086631581952963,0.0031652961543969346,0.0,1.0,1.0
0.002582442325449385,0.00036796496150977027,0.002826893429895533,0.0,1.0,1.0
0.0024809646194858446,0.0003808783662698054,0.002664178239767525,0.0,0.375,0.375
0.0024809646194858446,0.0004156387162442382,0.002546029375238377,0.0,0.0,0.0
0.002882537406248412,0.0004475844532856225,0.0024395494069217156,0.0,0.0,0.0
0.004540690631421741,0.00043137074802815004,0.00294571803599467,0.0,0.0,0.0
0.010046761581251649,0.0002771671348743862,0.004977126577112547,0.0,0.0,0.0
0.012881825490389662,0.003867870589720425,0.00570993820934291,3.3168642458852195e-06,0.0,0.0
0.011631089203086151,0.00019493351197638753,0.0031445816885015618,1.3267456983540878e-05,0.625,0.625
0.010248503282369054,0.00039200313442647617,0.005485711724601729,1.1056214152950732e-06,1.0,1.0
0.005432450359811455,0.0003906977769577761,0.0031237410660117045,1.6771186820743573e-05,1.0,1.0
0.005203264385250705,0.00010414613332972446,0.0021841312113902085,8.665891797348004e-05,1.0,1.0
0.005073673177167593,4.153148728426492e-05,0.0023584343326404278,8.388707836893746e-05,1.0,1.0
0.005290758879739794,3.2487459418478774e-05,0.005292252409152172,3.1845011187020065e-05,1.0,1.0
0.005233972086954116,1.7598843081418576e-06,0.003435469372094386,0.00010128115049407262,1.0,1.0
0.005379289789403227,7.401217702522731e-07,0.004045592699694487,8.440095874506051e-06,1.0,1.0
0.006992132014988722,0.0002119961165696774,0.006376950282122518,0.0,1.0,1.0
0.00933302262186616,0.0014963273940930542,0.005755330046541497,0.0,1.0,1.0
0.010309895396238593,8.034905228987887e-05,0.002830635419667956,0.0,1.0,1.0
0.009900557973788167,0.00023544027713418478,0.007060997102141172,0.0,1.0,1.0
0.010821214737239905,0.00011395604619063716,0.0065360673383445846,0.0,1.0,1.0
0.009865678632483749,0.0001146002498362181,0.00668903350675274,0.0,1.0,1.0
0.006645747138338401,0.00015215190954575195,0.005519954389029688,0.0,1.0,1.0
0.0035590554460053496,0.00021288274671484833,0.0040732250656099625,0.0,1.0,1.0
0.002650094129425078,0.00029924594604607195,0.00346136763892914,0.0,1.0,1.0
0.002582442325449385,0.0003631538339149575,0.0030917364057319887,0.0,1.0,1.0
0.0024809646194858446,0.0004062728794700898,0.0028128551754527963,0.0,1.0,1.0
0.0024809646194858446,0.0004401747293351402,0.002621973939739799,0.0,1.0,1.0
0.002882537406248412,0.00046269937825029936,0.0024925251586507442,0.0,1.0,1.0
0.004540690631421741,0.0004383206286096194,0.002969239777124399,0.0,1.0,1.0
0.010046761581251649,0.0002848316644981197,0.004989951642737687,0.0,1.0,1.0
0.012881825490389662,0.0036483510041553395,0.0057037422908555995,0.0,1.0,1.0
0.011691393273031854,0.0001907758534962204,0.003081911132190907,0.0,1.0,1.0
0.010321424507051064,0.0003887396660601516,0.005533261523386939,0.0,1.0,1.0
0.005503095814665213,0.00041031754043858255,0.003039470827167035,0.0,1.0,1.0
0.00537098423387784,0.00014862790758483343,0.002095431466720897,0.0,1.0,1.0
0.005236511463366783,0.0001521020400184111,0.002123537377009478,0.0,1.0,1.0
0.005388653395970628,0.00015465893857702188,0.005243227772227426,0.0,1.0,1.0
0.005409433362413419,0.00018801925395515434,0.0028900800562431054,0.0,1.625,1.625
0.005475999423274957,0.0002140466579991446,0.004082923170149064,0.0,2.0,2.0
0.007013597656905214,0.0007815910117665192,0.004542983121887095,0.0,2.0,2.0
0.00933302262186616,0.0032076122228560325,0.004475368102140416,0.0,2.0,2.0
0.010309895396238593,0.00023270224294032597,0.002497484966833338,0.0,2.0,2.0
0.009900557973788167,0.0003992195057518883,0.005594382664300064,0.0,2.0,2.0
0.010821214737239905,0.00024240555537629861,0.005500500608895967,0.0,0.75,0.75
0.009865678632483749,0.00021154615723436592,0.005929352647917265,0.0,0.0,0.0
0.006645747138338401,0.00023579562478573412,0.004748563071428802,0.0,0.0,0.0
0.0035590554460053496,0.0003442756429884245,0.0034150057213424775,0.0,0.0,0.0
0.002650094129425078,0.00043796125941536414,0.0029085486680768195,0.0,0.0,0.0
0.002582442325449385,0.00050640908233697,0.002627525248681646,0.0,0.0,0.0
0.0024809646194858446,0.0005713783625983156,0.0024532294468136684,0.0,0.0,0.0
0.0024809646194858446,0.0006345521415428784,0.002329833307593884,0.0,0.0,0.0
0.002882537406248412,0.0006546354527967283,0.0022107436458307108,0.0,0.0,0.0
0.004540690631421741,0.000635051283911422,0.002666155668944899,0.0,0.0,0.0
0.010046761581251649,0.0004154612154309688,0.00447411496126062,0.0,0.0,0.0
0.012881825490389662,0.004602479345638902,0.0053301063236971,2.0555215044922487e-06,0.0,0.0
0.011649424855475233,0.00024309429201482485,0.0030928413832059143,8.222086017968995e-06,0.0,0.0
0.01026385168904963,0.0005144121198883983,0.0053175173289532,9.047409046287852e-06,0.0,0.0
0.005398709675769132,0.000439441068432268,0.003277082865440062,4.391341395960713e-05,0.0,0.0
0.005274339521813926,0.00011557797016096907,0.002240092781723419,4.4645304192267245e-05,0.0,0.0
0.005219941515237188,8.864799123303949e-05,0.002191600678103125,3.488157704592907e-06,0.0,0.0
0.005352390575863502,9.302284145413591e-05,0.0052967243786790855,1.5743426068497447e-05,0.0,0.0
0.005244721956533213,7.774713812964322e-05,0.003072752864057456,8.376250130805914e-05,0.625,0.625
0.005279636634592383,4.4197861308183315e-05,0.003990032692941994,8.840299682577649e-05,1.0,1.0
0.006987929062355003,0.00034163300407470036,0.005678597419062327,6.929599011356445e-06,1.0,1.0
0.00933302262186616,0.001996188923066321,0.005259383651861156,0.0,1.0,1.0
0.010309895396238593,0.00011222291132851359,0.0026865126267952575,0.0,1.0,1.0
0.009900557973788167,0.0002775360237355537,0.00650247152574894,0.0,1.0,1.0
0.010821214737239905,0.00015938308370004006,0.0060903346357090195,0.0,1.0,1.0
0.009865678632483749,0.00015168708764210268,0.006301227384895396,0.0,1.0,1.0
0.006645747138338401,0.00018569939149788652,0.005100944207989721,0.0,1.0,1.0
0.0035590554460053496,0.0002664026499729355,0.0036876438447863043,0.0,1.0,1.0
0.002650094129425078,0.0003753728682814915,0.003106948858306778,0.0,1.0,1.0
0.002582442325449385,0.0004416145572740613,0.0027774166178886808,0.0,1.0,1.0
0.0024809646194858446,0.0005172561721599279,0.00246804231096482,0.0,1.625,1.625
0.0024809646194858446,0.0005919545004223995,0.002263554230371436,0.0,2.0,2.0
0.002882537406248412,0.0006418605700226625,0.002146804419778427,0.0,2.0,2.0
0.004540690631421741,0.0006259398269878595,0.00260799413402696,0.0,2.0,2.0
0.010046761581251649,0.0004146910921100731,0.004471550215033263,0.0,2.0,2.0
0.012878235225062038,0.004188685588386246,0.00526309263052948,5.138803761230622e-06,2.0,2.0
0.011617972841464437,0.00025068694584026014,0.0030345992894669892,2.0555215044922488e-05,2.0,2.0
0.010177814102745906,0.00048365630314177753,0.005341122013947466,2.3109044792928005e-05,2.0,2.0
0.005385904602191781,0.0003999664930853203,0.003523248345755646,0.00011725815855171692,2.0,2.0
0.005290619970204753,9.532302668408071e-05,0.002259037868102635,0.00016909778800970704,2.0,2.0
0.0051453561671934225,3.5370567875570964e-05,0.002801988076228836,0.00018602469615654852,2.0,2.0
0.005299827932749971,3.235949596937824e-06,0.005861871665064991,0.00018143091703666053,2.0,2.0
0.005321327671908164,1.4539191240249903e-06,0.004294742777479578,0.00016562520243772392,1.375,1.375
0.005328915466579168,4.134844956457674e-07,0.0050947996912593845,0.00011311597127751284,1.0,1.0
0.0069280901020530045,0.00018549447540196497,0.007320638587006494,8.53352867016479e-06,1.0,1.0
0.00933302262186616,0.0016506355301073247,0.0063226853886360354,0.0,1.0,1.0
0.010309895396238593,6.142084489478225e-05,0.0030864618366422706,0.0,1.0,1.0
0.009900557973788167,0.0002180534414233087,0.007397865840572611,0.0,1.0,1.0
0.010821214737239905,0.00013800036368922595,0.006756823232460863,0.0,1.625,1.625
0.009865678632483749,0.00014976945006970984,0.006806384149625566,0.0,2.0,2.0
0.006645747138338401,0.00018858033292404593,0.005523879835864366,0.0,2.0,2.0
0.0035590554460053496,0.0002591444795984234,0.004101352644991492,0.0,2.0,2.0
0.002650094129425078,0.0003538464843563561,0.0034979888949770352,0.0,2.0,2.0
0.002582442325449385,0.0004240327012447409,0.003098780352405836,0.0,2.0,2.0
0.0024809646194858446,0.0004335951688380576,0.0029481325041616057,0.0,0.75,0.75
0.0024809646194858446,0.0004434901154401151,0.002808024081162337,0.0,0.0,0.0
0.002882537406248412,0.00047715354860457525,0.0026596573892329746,0.0,0.0,0.0
0.004540690631421741,0.0004640176372924529,0.0031326685557335563,0.0,0.0,0.0
0.010046761581251649,0.00030309813932533026,0.005119137031845475,0.0,0.0,0.0
0.012881825490389662,0.003974945492997056,0.005848635675307845,0.0,0.0,0.0
0.011702595352051374,0.00021603245249493584,0.003169310690063326,0.0,1.25,1.25
0.010321424507051064,0.0005029309724037706,0.005437882692599414,0.0,2.0,2.0
0.005503095814665213,0.0006037658411892889,0.003012334316029135,0.0,2.0,2.0
0.00537098423387784,0.00021599971275361755,0.002197835601672673,0.0,2.0,2.0
0.005241220008058744,0.00024004150079199842,0.002200272704920453,0.0,2.0,2.0
0.005393950508749085,0.0002497622379428814,0.005471628771308464,0.0,2.0,2.0
0.005409433362413419,0.0003199139648356054,0.0027824117699960724,0.0,3.25,3.25
0.005487201502294478,0.00036889628378603597,0.004045293891156713,0.0,4.0,4.0
0.0070574674568607484,0.001318844633299072,0.004155439825285263,0.0,4.0,4.0
0.00933302262186616,0.0037516821451166996,0.003971327071624778,0.0,4.0,4.0
0.010309895396238593,0.00036564635416507234,0.0023697128385726718,0.0,4.0,4.0
0.009900557973788167,0.0006220563238312743,0.004959350566476547,0.0,4.0,4.0
0.010821214737239905,0.00036367328397756327,0.005041054395406848,0.0,2.125,2.125
0.009865678632483749,0.0002986819732433998,0.005525604593978537,0.0,1.0,1.0
0.006645747138338401,0.0003286726761548486,0.004306626183215408,0.0,1.0,1.0
0.0035590554460053496,0.00049370617462782,0.0029646947928781524,0.0,1.0,1.0
0.0027177459334007717,0.0006239905592421282,0.0025505137120101474,0.0,1.0,1.0
0.0027177459334007717,0.0007274349153746277,0.0023171146342983234,0.0,1.0,1.0
0.0024809646194858446,0.0007700576761215172,0.0021947368723293963,0.0,0.375,0.375
0.0024809646194858446,0.0007903468514588679,0.002100806552014867,0.0,0.0,0.0
0.002882537406248412,0.0008149688950150936,0.0019960377372176276,0.0,0.0,0.0
0.004371561121482508,0.0008327410011819977,0.0022307611204754117,0.0,0.0,0.0
0.008425840183298587,0.0007199583330912027,0.0028741725407631837,0.0,0.0,0.0
0.011116803771805298,0.004867585420236974,0.0040358305243839866,0.0,0.0,0.0
0.014405135030868809,0.0003249668907469705,0.0029931947917072304,0.0,0.625,0.625
0.010779480601111282,0.0005455913640928497,0.005793009963883038,0.0,1.0,1.0
0.005450443450144274,0.0006595158708068633,0.0027708246620177742,0.0,1.0,1.0
0.00526612941453791,0.00026689834184623877,0.0020068108071198206,0.0,1.0,1.0
0.005161239971554229,0.0002699843857819132,0.0019792071290820504,0.0,1.0,1.0
0.005289095689409154,0.000259020383744105,0.004751596476844016,0.0,1.0,1.0
0.005304578543073487,0.0002966792528733816,0.002552796715769717,0.0,2.25,2.25
0.0053823466829545485,0.0003146880309291442,0.0033267947179633816,0.0,3.0,3.0
0.006953796049549628,0.0010681737809035534,0.0037020342787361825,0.0,3.0,3.0
0.0089372380351858,0.0023057822167629883,0.0036829602290341925,0.0,3.0,3.0
0.010721271066979914,0.0002746588013668087,0.0021787489761462505,0.0,3.0,3.0
0.010142804134590254,0.00045216179109696026,0.0051380312136132,0.0,3.0,3.0
0.010821214737239905,0.00024598230280851834,0.00514390081663826,0.0,1.125,1.125
0.010170111750374373,0.00019921198027039386,0.005507606265743624,0.0,0.0,0.0
0.007119309766168257,0.00022444542183643287,0.004463243862554853,0.0,0.0,0.0
0.0037958367599202777,0.00037449035692047197,0.0031572198588887598,0.0,0.0,0.0
0.0027177459334007717,0.0004547395588309765,0.0027767342148246627,0.0,0.0,0.0
0.0027177459334007717,0.0005350903435082195,0.0024946105342551466,0.0,0.0,0.0
0.0024809646194858446,0.0006483932593203257,0.0022527423707899737,0.0,0.625,0.625
0.0024809646194858446,0.0007072435107348346,0.002085197281998538,0.0,1.0,1.0
0.002882537406248412,0.0007439097057065541,0.001967352839478237,0.0,1.0,1.0
0.004371561121482508,0.0007561948075523933,0.0022120691047743854,0.0,1.0,1.0
0.008425840183298587,0.0005782468744837489,0.002940763674502106,0.0,1.0,1.0
0.011116803771805298,0.004321353045823085,0.0040699180643085356,0.0,1.0,1.0
0.014405135030868809,0.0002796095754312941,0.0030609759478005863,0.0,1.0,1.0
0.010779480601111282,0.00045053615357318745,0.006037187220702571,0.0,1.0,1.0
0.005450443450144274,0.000523548007572968,0.002870860417298608,0.0,1.0,1.0
0.00526612941453791,0.00022525560377737393,0.002026493322495969,0.0,1.0,1.0
0.005161239971554229,0.00022711146375525254,0.0019639066230256203,0.0,1.0,1.0
0.005289095689409154,0.00021354186027519462,0.004678743952099751,0.0,1.0,1.0
0.005304578543073487,0.00019392649662485783,0.0026413906640141882,0.0,0.375,0.375
0.0053823466829545485,0.0001779583939313468,0.0034412061318277974,0.0,0.0,0.0
0.006953796049549628,0.0006391461356165337,0.00415465802145733,0.0,0.0,0.0
0.0089372380351858,0.002043432480769529,0.004149757564799103,0.0,0.0,0.0
0.010721271066979914,0.00016619683547204435,0.002358202867837534,0.0,0.0,0.0
0.010142804134590254,0.0003102901154113117,0.005800577963657415,0.0,0.0,0.0
0.010821214737239905,0.00019160805897383727,0.005419779596321851,0.0,0.625,0.625
0.010170111750374373,0.00019009213474873612,0.005575473700691276,0.0,1.0,1.0
0.007119309766168257,0.00022214575835578895,0.004500658397313541,0.0,1.0,1.0
0.0037958367599202777,0.00033263089471836883,0.003159531188245094,0.0,1.0,1.0
0.002650094129425078,0.0004188865741414211,0.0027732193980830808,0.0,1.0,1.0
0.002582442325449385,0.0004876518222329605,0.0024794404616220954,0.0,1.0,1.0
0.0024809646194858446,0.0005398712812113602,0.0023087500681907656,0.0,1.0,1.0
0.0024809646194858446,0.0005794083393525083,0.002167631290225958,0.0,1.0,1.0
0.002882537406248412,0.000613757289988128,0.002078058145551625,0.0,1.0,1.0
0.004540690631421741,0.0005821907437564898,0.0025729382584616573,0.0,1.0,1.0
0.010046761581251649,0.00037344048392692794,0.004495094460805415,0.0,1.0,1.0
0.012881825490389662,0.004106004181764064,0.005279828699053376,0.0,1.0,1.0
0.011702595352051374,0.0002464258311821529,0.0030204391840479086,0.0,1.0,1.0
0.010326799441840612,0.0005005634852346995,0.005089414538816204,0.0,1.0,1.0
0.005514297893684735,0.0006234723924103629,0.0027913122858254824,0.0,1.0,1.0
0.00537098423387784,0.00022063738953745655,0.0021111568708456316,0.0,1.0,1.0
0.005241220008058744,0.0002285899227186214,0.0021116286022107166,0.0,1.0,1.0
0.005399247621527541,0.0002267340527897082,0.005134733328453467,0.0,1.0,1.0
0.005414808297202966,0.00026372193366332126,0.0027331901196299604,0.0,1.625,1.625
0.0054924986150729355,0.0002881694797892223,0.0037497941614258097,0.0,2.0,2.0
0.0070574674568607484,0.0009570756111014231,0.0041913383953229395,0.0,2.0,2.0
0.00933302262186616,0.00277152754241979,0.004209356364326258,0.0,2.0,2.0
0.010309895396238593,0.0002658452149375051,0.0023534638031112763,0.0,2.0,2.0
0.009900557973788167,0.0004313871401728688,0.005389799538360772,0.0,2.0,2.0
0.010821214737239905,0.00028492939582897676,0.005159610630081342,0.0,2.0,2.0
0.009865678632483749,0.0002679281264772426,0.005468649794502848,0.0,2.0,2.0
0.006645747138338401,0.0002976349383125352,0.004266511538939611,0.0,2.0,2.0
0.0035590554460053496,0.0004284555918999443,0.0029893563280441802,0.0,2.0,2.0
0.002650094129425078,0.0005366792871216702,0.002531084067972063,0.0,2.0,2.0
0.002582442325449385,0.0006228275782755755,0.002289589272413368,0.0,2.0,2.0
0.0024809646194858446,0.0006497029968789449,0.002178153358778236,0.0,1.375,1.375
0.0024809646194858446,0.0006678694504904536,0.002085830238126194,0.0,1.0,1.0
0.002882537406248412,0.000681636427602984,0.002011917578348165,0.0,1.0,1.0
0.004540690631421741,0.0006193889524770895,0.0025017258508588046,0.0,1.0,1.0
0.010046761581251649,0.00039349080953031916,0.0044225017145538255,0.0,1.0,1.0
0.012881825490389662,0.0038740747343833483,0.005194869693162365,0.0,1.0,1.0
0.011702595352051374,0.00024371892985078163,0.0030087347017999275,0.0,0.375,0.375
0.010326799441840612,0.00046001493171891927,0.0051404301460252514,0.0,0.0,0.0
0.005514297893684735,0.0005390789248763701,0.0028210568440915494,0.0,0.0,0.0
0.00537098423387784,0.00018194489534024657,0.0020966564169011184,0.0,0.0,0.0
0.005241220008058744,0.00017397594812030342,0.002104657293406928,0.0,0.0,0.0
0.005399247621527541,0.0001627942962967214,0.005161721969219966,0.0,0.0,0.0
0.005414808297202966,0.00021613475878156825,0.0027699682899991022,0.0,1.25,1.25
0.0054924986150729355,0.0002561888973271729,0.003787771746843913,0.0,2.0,2.0
0.0070574674568607484,0.0008684547200909118,0.004236096933950435,0.0,2.0,2.0
0.00933302262186616,0.002671436541936409,0.004255593646307745,0.0,2.0,2.0
0.010309895396238593,0.00025468786123246005,0.002363126739225105,0.0,2.0,2.0
0.009900557973788167,0.00040924464740953767,0.005459569988006262,0.0,2.0,2.0
0.010821214737239905,0.0002515095944962624,0.0053073083424228645,0.0,1.375,1.375
0.009865678632483749,0.00021654026688388176,0.00565864942314921,0.0,1.0,1.0
0.006645747138338401,0.0002407702712185005,0.004481786195900318,0.0,1.0,1.0
0.0035590554460053496,0.00035298768098902746,0.0031736311725655063,0.0,1.0,1.0
0.002650094129425078,0.00046001510663734764,0.0026874263521143166,0.0,1.0,1.0
0.002582442325449385,0.0005238730771327418,0.002427742624737719,0.0,1.0,1.0
0.0024809646194858446,0.0005780612152295226,0.002254751750399134,0.0,1.0,1.0
0.0024809646194858446,0.0006162697882352615,0.002141580873604747,0.0,1.0,1.0
0.002882537406248412,0.0006273128636412184,0.002055444424853105,0.0,1.0,1.0
0.004540690631421741,0.0006003018412041388,0.002538323381883389,0.0,1.0,1.0
0.010046761581251649,0.000385996932624574,0.004449843692631243,0.0,1.0,1.0
0.012881825490389662,0.003963441547701837,0.005235515579604335,1.5883575261985557e-06,1.0,1.0
0.011646980541421523,0.0002457712780368729,0.003018689366106245,1.1025069887731153e-05,1.0,1.0
0.010130747941202403,0.0004254981786796971,0.005302166835137913,2.5989889325739113e-05,1.0,1.0
0.005388115450212217,0.00039937058956072535,0.003110335863992071,3.7061675611299636e-05,1.0,1.0
0.005290308682160387,0.0001155034809583403,0.0020272725676675437,3.5893765665565404e-05,1.0,1.0
0.005215232970545227,0.00010493938918710384,0.002001379660636705,1.382805375749331e-05,1.0,1.0
0.0052832509189409006,7.393885246535258e-05,0.004901786424081246,4.410027955092461e-05,1.0,1.0
0.005401769757592343,0.0001356613993112595,0.002800246237973062,3.675023295910384e-06,4.125,4.125
0.005506145008146168,0.00022144268634218336,0.003574809042146262,0.0,6.0,6.0
0.0070574674568607484,0.0008001680627195384,0.004437291260618218,0.0,6.0,6.0
0.00933302262186616,0.00288502303439952,0.004278997627817793,0.0,6.0,6.0
0.010309895396238593,0.0003230656125177011,0.002370119760633442,0.0,6.0,6.0
0.009900557973788167,0.0005816079540679731,0.005150903798802495,0.0,6.0,6.0
0.010821214737239905,0.00032376315561039954,0.005224971878265561,0.0,2.875,2.875
0.009865678632483749,0.00027308711311645515,0.005786201670361745,0.0,1.0,1.0
0.006645747138338401,0.0002833355256981279,0.004523337599409147,0.0,1.0,1.0
0.0035590554460053496,0.00042501700588773374,0.00319938552705699,0.0,1.0,1.0
0.002650094129425078,0.0005560706584743458,0.002709036573568906,0.0,1.0,1.0
0.002582442325449385,0.0006582714961993584,0.002437672193637606,0.0,1.0,1.0
0.0024809646194858446,0.0009215275197720187,0.0020320942796219687,0.0,3.5,3.5
0.0024809646194858446,0.0011037548812489776,0.0017192777210204256,0.0,5.0,5.0
0.002882537406248412,0.0011962309587842854,0.001614709104487341,0.0,5.0,5.0
0.004540690631421741,0.0012266388198610852,0.002040614990939751,0.0,5.0,5.0
0.010046761581251649,0.0009294734795616572,0.003534917694032376,0.0,5.0,5.0
0.012881825490389662,0.005197626666952042,0.004419261919053359,3.3168642458852195e-06,5.0,5.0
0.011636994169327218,0.0004514578214560272,0.0026893139442466085,3.587819353295561e-05,4.375,4.375
0.010143044180366663,0.0008275061942402491,0.005050219903293222,0.0001242500460935125,4.0,4.0
0.0054195108392503496,0.0008168058090183321,0.003433474458358525,0.0001560950572805326,4.0,4.0
0.005334212579357625,0.0002766683513782512,0.002153309405747044,0.00011708686509300923,4.0,4.0
0.0051341540881739,0.0002407729499250957,0.0023877152928443515,0.00016989196677280632,4.0,4.0
0.005321327671908164,0.00017900847544372446,0.005599533316785816,0.00013687904564005203,4.0,4.0
0.0053325297509276845,0.0002121188937497699,0.0031919531173740714,0.0001616854528874471,6.5,6.5
0.005398650076761102,0.00022724967907401827,0.003910417221927481,0.00011291353355358557,8.0,8.0
0.007034243176364247,0.001039873943625233,0.005308634037704413,8.517956537555001e-06,8.0,8.0
0.00933302262186616,0.0027430300368072964,0.004640782362158405,0.0,8.0,8.0
0.010309895396238593,0.0003435579897942537,0.002447786959982014,0.0,8.0,8.0
0.009900557973788167,0.0006346223090488719,0.005393720197956693,0.0,8.0,8.0
0.010821214737239905,0.00033048169856451253,0.005568901205626291,0.0,3.0,3.0
0.009865678632483749,0.0002364150857249885,0.006136923916311336,0.0,0.0,0.0
0.006645747138338401,0.00028265575522278924,0.004883599588072343,0.0,0.0,0.0
0.0035590554460053496,0.0004363266257956878,0.003574558875774349,0.0,0.0,0.0
0.002650094129425078,0.0005440071905354679,0.0030246991070867722,0.0,0.0,0.0
0.002582442325449385,0.000619235066153769,0.002701710725683796,0.0,0.0,0.0
0.0024809646194858446,0.0007552116100368268,0.0023558129638097084,0.0,1.25,1.25
0.0024809646194858446,0.0008427301990441496,0.0021388541366342438,0.0,2.0,2.0
0.002882537406248412,0.000878836409113131,0.0020018546107686145,0.0,2.0,2.0
0.004540690631421741,0.0008521431780610233,0.00244131516178494,0.0,2.0,2.0
0.010046761581251649,0.0006277298056249313,0.004146744266535194,0.0,2.0,2.0
0.012881825490389662,0.004856233738174806,0.004980746605978385,3.083282256738373e-06,2.0,2.0
0.011661234787957362,0.00032934255424941323,0.002948626868428624,2.1489543001509873e-05,1.375,1.375
0.010200030341943913,0.0006732269836283527,0.005378190364070309,6.568325534809322e-05,1.0,1.0
0.005436010031048328,0.000604649723013822,0.00362373792702136,0.00013166238121577244,1.0,1.0
0.005350711771155603,0.00015734311852140209,0.002197214969292211,0.00011048428086645837,1.0,1.0
0.0051453561671934225,9.500360726179782e-05,0.0026529169408501052,0.00018054330547790252,1.0,1.0
0.005283703128381326,1.594789461632124e-05,0.005539014672693244,0.0001811661907822941,1.0,1.0
0.0053325297509276845,1.0973274473313521e-05,0.004131771890967671,0.00016542276471379666,2.25,2.25
0.0053762459187220585,1.3472758075082197e-05,0.00464430499113838,0.00011310039914490305,3.0,3.0
0.007034243176364247,0.00035688111880866053,0.00661969329384111,8.53352867016479e-06,3.0,3.0
0.00933302262186616,0.001458221066214026,0.005778837253713704,0.0,3.0,3.0
0.010309895396238593,0.00011106189054610332,0.0028258242270670425,0.0,3.0,3.0
0.009900557973788167,0.000316928746563707,0.006847615933162225,0.0,3.0,3.0
0.010821214737239905,0.00016785198725028435,0.006428910480134887,0.0,2.375,2.375
0.009865678632483749,0.00016857729634075605,0.00658582771558321,0.0,2.0,2.0
0.006645747138338401,0.00021842689312603374,0.005279292196797021,0.0,2.0,2.0
0.0035590554460053496,0.0003549535391971417,0.0038569022265526882,0.0,2.0,2.0
0.0027177459334007717,0.0004705197013295457,0.0032499147507811803,0.0,2.0,2.0
0.0027177459334007717,0.0005436137846969135,0.0028718815642121507,0.0,2.0,2.0
0.0024809646194858446,0.0005998449596857602,0.0026340145395868896,0.0,1.375,1.375
0.0024809646194858446,0.0006413156813762812,0.0024654604386826523,0.0,1.0,1.0
0.002882537406248412,0.0007023961183778904,0.002303180782160881,0.0,1.0,1.0
0.004371561121482508,0.0007574339644309197,0.002488521128173767,0.0,1.0,1.0
0.008425840183298587,0.0007034547886908016,0.003124494053948033,0.0,1.0,1.0
0.011116803771805298,0.00506806563950701,0.004250262630467691,0.0,1.0,1.0
0.014405135030868809,0.0003176326045201954,0.0030705180147124634,0.0,1.625,1.625
0.010779480601111282,0.0005594398092123249,0.005942400908107613,0.0,2.0,2.0
0.005450443450144274,0.0007701443089813072,0.0029147265171424065,0.0,2.0,2.0
0.00526612941453791,0.00030967212626558673,0.0020813367192133547,0.0,2.0,2.0
0.005161239971554229,0.0003301309550837439,0.0020601047960418914,0.0,2.0,2.0
0.00529439280218761,0.0003364021081142364,0.0053477205246660765,0.0,2.0,2.0
0.005309953477863036,0.0003599548709513685,0.002633321309954092,0.0,2.0,2.0
0.005387643795733006,0.0003715489086268051,0.003783199027428333,0.0,2.0,2.0
0.006953796049549628,0.0013851436897284108,0.0038135047513366297,0.0,2.0,2.0
0.0089372380351858,0.003020911897102575,0.003629484114512447,0.0,2.0,2.0
0.010721271066979914,0.0003081193527835454,0.0022162236459581986,0.0,2.0,2.0
0.010142804134590254,0.000516707863506778,0.005052999924940387,0.0,2.0,2.0
0.010821214737239905,0.00032293312567579694,0.004943917479192015,0.0,1.375,1.375
0.010170111750374373,0.000302577213262407,0.005255938799123551,0.0,1.0,1.0
0.007119309766168257,0.0003362141133509285,0.004183024171297434,0.0,1.0,1.0
0.0037958367599202777,0.0005280333669101811,0.0028253549473692342,0.0,1.0,1.0
0.0027177459334007717,0.0006619273100402081,0.002496959900569842,0.0,1.0,1.0
0.0027177459334007717,0.0007875079627190999,0.00224321791959937,0.0,1.0,1.0
0.0024809646194858446,0.0008946602237044483,0.0020467132375837907,0.0,1.0,1.0
0.0024809646194858446,0.0009748198994332685,0.0019022981293271364,0.0,1.0,1.0
0.002882537406248412,0.001015248457977776,0.0017937469603419962,0.0,1.0,1.0
0.004371561121482508,0.0010259051785922936,0.0020350430149871923,0.0,1.0,1.0
0.008425840183298587,0.0009332664560988808,0.0026229773124726388,0.0,1.0,1.0
0.011116803771805298,0.00526501121162491,0.003800016780404358,2.6628346762740496e-06,1.0,1.0
0.014331184567849879,0.0003558066505466238,0.0029221497723602957,1.8639842733918347e-05,1.0,1.0
0.010600536145733658,0.0005442798922748358,0.00601372234187157,4.438057793790082e-05,1.0,1.0
0.00532197233664023,0.0005811605311370516,0.003272722676434619,6.311385346747791e-05,1.0,1.0
0.005158890476917082,0.00020761696345516652,0.0021882837643349183,7.761150892719218e-05,1.0,1.0
0.00505462626110981,0.0001575882435929929,0.002278676983812611,8.974220023021841e-05,1.0,1.0
0.00512866505817376,9.254595294130864e-05,0.005708401669487748,0.00010120328983102367,1.0,1.0
0.0051618190857919,6.141928673473012e-05,0.0031480477742604853,9.067652818680579e-05,1.0,1.0
0.005296430643431305,7.047071507868852e-05,0.003895527431044333,7.038603939624972e-06,1.0,1.0
0.006953796049549628,0.0005928099279260848,0.005075215604566469,0.0,1.0,1.0
0.0089372380351858,0.0025065119453069086,0.004601126445253954,0.0,1.0,1.0
0.010721271066979914,0.00017516206397346916,0.002565305469121095,0.0,1.0,1.0
0.010142804134590254,0.0003659489400336488,0.006033721949567157,0.0,1.0,1.0
0.010821214737239905,0.00023406228901361544,0.005550860768244924,0.0,1.625,1.625
0.010170111750374373,0.00023678694020642826,0.005688268587348168,0.0,2.0,2.0
0.007119309766168257,0.0002710416357834675,0.004548778662361731,0.0,2.0,2.0
0.0037958367599202777,0.0004242350384682344,0.0031986418447312592,0.0,2.0,2.0
0.002650094129425078,0.0005164278950834388,0.0028003798017576967,0.0,2.0,2.0
0.002582442325449385,0.0006079145970431976,0.002459199084751501,0.0,2.0,2.0
0.0024809646194858446,0.0007097234683201201,0.002261788956078928,0.0,2.0,2.0
0.0024809646194858446,0.0007791872510262851,0.00208527544884189,0.0,2.0,2.0
0.002882537406248412,0.0008353580499440557,0.001953687204607893,0.0,2.0,2.0
0.004540690631421741,0.0008341072758532363,0.0023931871618064478,0.0,2.0,2.0
0.010046761581251649,0.0006596883371708097,0.00408765520345878,0.0,2.0,2.0
0.012881825490389662,0.005088493429784815,0.004959612448652526,1.3080591392223401e-06,2.0,2.0
0.011684259699662292,0.0003484170212790152,0.0028454310188592334,5.2322365568893606e-06,2.0,2.0
0.010296519409985643,0.000760312037363358,0.004797519367231454,6.041987452598428e-06,2.0,2.0
0.005419645286234106,0.0008537230892798098,0.0028616998585355496,2.242387095809726e-05,2.0,2.0
0.00539469482105647,0.0003170321337661962,0.0021180224477310226,1.8686559131747715e-06,2.0,2.0
0.005250997264273585,0.0003516765971771393,0.002087500528165696,0.0,2.0,2.0
0.005365020630803091,0.00036035196082621364,0.005128396009422327,1.0184174726802504e-05,2.0,2.0
0.005289078063170875,0.00030331872072360364,0.0028193907247190415,5.3957439492921526e-05,1.375,1.375
0.005285089391393022,0.00022693790499582126,0.0038896114891185784,5.62776872517802e-05,1.0,1.0
0.007031721040299446,0.000768444173337086,0.004779481492550513,4.406913528570503e-06,1.0,1.0
0.00933302262186616,0.002727251867685317,0.004542221199035121,0.0,1.0,1.0
0.010309895396238593,0.00022584567564158713,0.0024608936191140656,0.0,1.0,1.0
0.009900557973788167,0.0004036753489939272,0.005677116094928098,0.0,1.0,1.0
0.010821214737239905,0.0002631210416257072,0.005380663953098678,0.0,1.0,1.0
0.009865678632483749,0.0002455583174258689,0.005673344461723339,0.0,1.0,1.0
0.006645747138338401,0.00028104194251132636,0.004438153897682696,0.0,1.0,1.0
0.0035590554460053496,0.00043884371377579656,0.0031250687910044433,0.0,1.0,1.0
0.002650094129425078,0.0005550554259802022,0.002641271311210295,0.0,1.0,1.0
0.002582442325449385,0.0006391967297712875,0.00237425359541973,0.0,1.0,1.0
0.0024809646194858446,0.0007150156784510647,0.0022006116641117937,0.0,1.0,1.0
0.0024809646194858446,0.0007753106830083202,0.002056436635149932,0.0,1.0,1.0
0.002882537406248412,0.0008072926029368976,0.0019439510556159497,0.0,1.0,1.0
0.004540690631421741,0.0007734320047587845,0.0024152758472768764,0.0,1.0,1.0
0.010046761581251649,0.0005216997793175618,0.004203640068506686,0.0,1.0,1.0
0.012881825490389662,0.004570466065876423,0.005034348346491724,0.0,1.0,1.0
0.011702595352051374,0.00032695012264881467,0.002902995648334934,0.0,1.625,1.625
0.010326799441840612,0.0007157123767132887,0.0047178219198197565,0.0,2.0,2.0
0.005514297893684735,0.000983498393817029,0.002666879373801703,0.0,2.0,2.0
0.00537098423387784,0.0003322977743100628,0.0020855526218288138,0.0,2.0,2.0
0.005241220008058744,0.0003499357694561739,0.0020764138827736606,0.0,2.0,2.0
0.005399247621527541,0.0003490461193807456,0.005058489886511985,0.0,2.0,2.0
0.005414808297202966,0.0003466238030141889,0.002658706085761558,0.0,1.375,1.375
0.0054924986150729355,0.00034159085333796384,0.0037903751788637783,0.0,1.0,1.0
0.0070574674568607484,0.0011800414809950898,0.004075254007117381,0.0,1.0,1.0
0.00933302262186616,0.002972865769742644,0.004041258396909574,0.0,1.0,1.0
0.010309895396238593,0.0003004080871032819,0.0023363359458982266,0.0,1.0,1.0
0.009900557973788167,0.0005014319448614764,0.005210667926202888,0.0,1.0,1.0
0.010821214737239905,0.0003074607955142317,0.005066597791284064,0.0,0.375,0.375
0.009865678632483749,0.0002780470945329438,0.00546188123910994,0.0,0.0,0.0
0.006645747138338401,0.00030919125803829803,0.004283082284192728,0.0,0.0,0.0
0.0035590554460053496,0.00046587820731913926,0.002997851643170451,0.0,0.0,0.0
0.002650094129425078,0.0006045481152647567,0.0025693915742540123,0.0,0.0,0.0
0.002582442325449385,0.000698606361892989,0.002349640524306368,0.0,0.0,0.0
0.0024809646194858446,0.0008009969950530052,0.0021271512959034336,0.0,0.625,0.625
0.0024809646194858446,0.0008618018263755297,0.0019465250838854883,0.0,1.0,1.0
0.002882537406248412,0.0009036955456292489,0.0018357174677241163,0.0,1.0,1.0
0.004540690631421741,0.0008537864625557571,0.002319882911890729,0.0,1.0,1.0
0.010046761581251649,0.0005460074199042513,0.004086173602004055,0.0,1.0,1.0
0.012881825490389662,0.0045315156247708035,0.004933853704074556,0.0,1.0,1.0
0.011702595352051374,0.00030805269668188586,0.0029603758516604864,0.0,0.375,0.375
0.010326799441840612,0.0006349879762527668,0.0049085883632829196,0.0,0.0,0.0
0.005514297893684735,0.0008303625356557488,0.0027854703583318208,0.0,0.0,0.0
0.00537098423387784,0.00026247559168688376,0.002143564799921128,0.0,0.0,0.0
0.005241220008058744,0.00026577222752206396,0.0021437626919101637,0.0,0.0,0.0
0.005399247621527541,0.000255831259159109,0.005217660875025397,0.0,0.0,0.0
0.005414808297202966,0.00029592409610758834,0.0027183268441757853,0.0,0.625,0.625
0.0054924986150729355,0.0003225099332020039,0.0038559106761263187,0.0,1.0,1.0
0.0070574674568607484,0.0011208198634375566,0.00410068739104555,0.0,1.0,1.0
0.00933302262186616,0.003081666634666896,0.004075209725668647,0.0,1.0,1.0
0.010309895396238593,0.00029195380982035575,0.0023536248943651157,0.0,1.0,1.0
0.009900557973788167,0.0004891522296329127,0.005189082223656017,0.0,1.0,1.0
0.010821214737239905,0.000302073158161058,0.005091236299419617,0.0,0.375,0.375
0.009865678632483749,0.0002679683367067445,0.005496415829310131,0.0,0.0,0.0
0.006645747138338401,0.0002983514850893843,0.004315238540648408,0.0,0.0,0.0
0.0035590554460053496,0.00043744835304389523,0.0030231982404730164,0.0,0.0,0.0
0.002650094129425078,0.0005685615933009241,0.0025727443905636856,0.0,0.0,0.0
0.002582442325449385,0.0006894551749983261,0.0023466368490373223,0.0,0.0,0.0
0.0024809646194858446,0.0008151978110488712,0.002118756730066229,0.0,0.625,0.625
0.0024809646194858446,0.000882400526640512,0.001945093186421076,0.0,1.0,1.0
0.002882537406248412,0.0008992109051924452,0.0018406739780661358,0.0,1.0,1.0
0.004540690631421741,0.0008456778183834198,0.002318167582029393,0.0,1.0,1.0
0.010046761581251649,0.0005690894208532555,0.004069666907432524,0.0,1.0,1.0
0.012881825490389662,0.004735966944057826,0.0049376135465534834,2.6628346762740496e-06,1.0,1.0
0.011618381326135473,0.0003143656439689265,0.002938665251180619,1.854640993825961e-05,1.0,1.0
0.010123006514370238,0.0005851313606728312,0.0051140277725811815,3.246789649141166e-05,1.0,1.0
0.005435050317887347,0.000667587796189156,0.0028785507302580998,1.659989336203589e-05,1.0,1.0
0.005203264385250705,0.00019623349555166655,0.0021949578742990316,7.198996905505807e-05,1.0,1.0
0.005084875256187114,0.00012485177223487047,0.0022669744047951806,6.912469665485675e-05,1.0,1.0
0.005354834889917213,0.00010349671739351407,0.0053869627215394865,5.372385750377468e-06,1.0,1.0
0.005391097710024339,0.00021512057138894328,0.0027741554793554914,0.0,3.5,3.5
0.005427848848674609,0.00028974732606033306,0.003640019269833397,0.0,5.0,5.0
0.007036001814944258,0.0009659569085404402,0.004371414611946147,0.0,5.0,5.0
0.00933302262186616,0.002853341672259491,0.004196154407027688,0.0,5.0,5.0
0.010309895396238593,0.0003249864379307554,0.002342356732055287,0.0,5.0,5.0
0.009900557973788167,0.0005661818929989318,0.005136130072455256,0.0,5.0,5.0
0.010821214737239905,0.0003563244965573092,0.00506936964244787,0.0,3.125,3.125
0.009865678632483749,0.00031058094221544024,0.005518987454320028,0.0,2.0,2.0
0.006645747138338401,0.0003480234028643213,0.004287547784544188,0.0,2.0,2.0
0.0035590554460053496,0.0005303959754554207,0.002950198044956824,0.0,2.0,2.0
0.002650094129425078,0.0006741224747558387,0.002481686632165659,0.0,2.0,2.0
0.002582442325449385,0.0008155840912952184,0.002259373995153802,0.0,2.0,2.0
0.0024809646194858446,0.0009602773251647715,0.0019493575378402134,0.0,3.25,3.25
0.0024809646194858446,0.0010626413788046444,0.0017324283447516435,0.0,4.0,4.0
0.002882537406248412,0.0011417077230348347,0.0016395900439707142,0.0,4.0,4.0
0.004540690631421741,0.001116472631817765,0.002120054123727367,0.0,4.0,4.0
0.010046761581251649,0.0007753060806534763,0.0037169242564595965,0.0,4.0,4.0
0.012881825490389662,0.004660176345382131,0.004584470916877518,5.465818546036207e-06,4.0,4.0
0.011629252742495051,0.00040386584846361035,0.002778600326863181,4.1484161272479926e-05,4.0,4.0
0.010162065508229443,0.0007486794613472236,0.005089222135462068,0.00010314980640724739,4.0,4.0
0.005386356811632207,0.0007792612059208062,0.003179633715819352,9.791756985035803e-05,4.0,4.0
0.005247012638425759,0.00026366096008962584,0.002047342021138349,4.017610213325759e-05,4.0,4.0
0.005089797981536238,0.00022751412928927458,0.002269260582495007,0.00016462858595069738,4.0,4.0
0.005294452997960424,0.00013115272782400443,0.005451419415282458,0.00018062116614095148,4.0,4.0
0.005321327671908164,5.850250697487738e-05,0.0034740077642250572,0.0001664193812008232,3.375,3.375
0.005334820432820233,2.06493893842076e-05,0.0041853273103036335,0.00011482890586458971,3.0,3.0
0.007034243176364247,0.0004080083663165423,0.0062360870817497705,8.6736778636529e-06,3.0,3.0
0.00933302262186616,0.0013881877618435257,0.0054612587430236835,0.0,3.0,3.0
0.010309895396238593,0.00012570697767487712,0.002670648012392063,0.0,3.0,3.0
0.009900557973788167,0.0003394554050191858,0.006544607112843,0.0,3.0,3.0
0.010821214737239905,0.00019066033837689038,0.006138289156828913,0.0,2.375,2.375
0.009865678632483749,0.00019155969634095373,0.006324825545357663,0.0,2.0,2.0
0.006645747138338401,0.00023570766088188008,0.005019153102220014,0.0,2.0,2.0
0.0035590554460053496,0.00038003855823869634,0.0036101244994321993,0.0,2.0,2.0
0.0027177459334007717,0.0005071263834014574,0.003033665032520121,0.0,2.0,2.0
0.0027177459334007717,0.0006013755033588767,0.002684845493816256,0.0,2.0,2.0
0.0024809646194858446,0.0006650397881845026,0.0024603670124106916,0.0,1.375,1.375
0.0024809646194858446,0.0007293116960095524,0.002312407782990055,0.0,1.0,1.0
0.002882537406248412,0.0007810478509931599,0.0021676174126382232,0.0,1.0,1.0
0.004371561121482508,0.0008052874004955611,0.0023782849802468204,0.0,1.0,1.0
0.008425840183298587,0.0007041540710206102,0.0030430989530567513,0.0,1.0,1.0
0.011116803771805298,0.004865740574355386,0.004198015831638395,5.138803761230622e-06,1.0,1.0
0.014329348107258777,0.00029487000826861493,0.0031779995589076284,3.9148341381011464e-05,1.625,1.625
0.010606927418656853,0.00044601041602086396,0.006645365121822538,0.00010262035389851454,2.0,2.0
0.005344454316690365,0.0003273944812650916,0.004084766892404194,0.00014503884312758186,2.0,2.0
0.005147688397897559,6.883772786296207e-05,0.00236340317496955,0.00016968952904887905,2.0,2.0
0.005009817945031723,1.851468303776405e-05,0.0028289508580018607,0.00013105506804399065,2.0,2.0
0.005117837366583573,6.737840842840466e-07,0.005150625427586934,4.2247195770359624e-05,2.0,2.0
0.00517839609960097,6.336230939111016e-07,0.004115890196796377,0.0001550050079978473,2.0,2.0
0.005241167692499826,5.821236683805012e-07,0.004773926499771892,0.0001150157714559072,2.0,2.0
0.006930571769053127,0.00023825062902306176,0.006563228272670372,8.689249996262689e-06,2.0,2.0
0.0089372380351858,0.0013546470873836574,0.005670431255760037,0.0,2.0,2.0
0.010721271066979914,7.798008737465875e-05,0.0029023736632703685,0.0,2.0,2.0
0.010142804134590254,0.0002636097935998439,0.007116606076289907,0.0,2.0,2.0
0.010821214737239905,0.00011679852846632723,0.006725637875679418,0.0,0.75,0.75
0.010170111750374373,0.00011637261262294997,0.006852931768196175,0.0,0.0,0.0
0.007119309766168257,0.00016424137806615984,0.005739217138576555,0.0,0.0,0.0
0.0037958367599202777,0.00026577396396428135,0.004263119556346565,0.0,0.0,0.0
0.0027177459334007717,0.00036483343910216837,0.00373861150498832,0.0,0.0,0.0
0.0027177459334007717,0.000436450635573636,0.003339044659812004,0.0,0.0,0.0
0.0024809646194858446,0.0005259604378003575,0.002902689941761703,0.0,0.625,0.625
0.0024809646194858446,0.0006078088341026106,0.002610333624769609,0.0,1.0,1.0
0.002882537406248412,0.000672726970305369,0.0024415478675154337,0.0,1.0,1.0
0.004371561121482508,0.0007185111119909546,0.0026076072805881114,0.0,1.0,1.0
0.008425840183298587,0.0006780278581793593,0.003235774456711531,0.0,1.0,1.0
0.011116803771805298,0.005151718149369269,0.004387867446583975,5.512534943865577e-06,1.0,1.0
0.014320512520281874,0.0002499226838806143,0.003324060817597383,2.2050139775462306e-05,0.375,0.375
0.010620565514894936,0.0004350126839985485,0.0067223890756551614,1.837511647955192e-06,0.0,0.0
0.005337221724271288,0.0003783096592857584,0.0036810199522966454,2.7702823912815987e-05,0.0,0.0
0.0051427656725484385,0.00010199576077207758,0.002456024667916083,0.0001460354596146084,0.0,0.0
0.005009817945031723,2.0841626246844894e-05,0.0031266158236493004,0.0001845141992933989,0.0,0.0
0.005139867137193282,4.0999983991435565e-07,0.006228253583189403,0.00018155549409753886,0.0,0.0
0.005205722982989137,2.511755568023216e-06,0.004380399118898549,0.0001667463959856288,1.875,1.875
0.005218763534460781,6.5839757471631455e-06,0.004903335282138421,0.00011540507477115193,3.0,3.0
0.006897904048117115,0.00025676307764869365,0.006596085898513646,8.720394261482268e-06,3.0,3.0
0.0089372380351858,0.001934879145474804,0.005636111270129367,0.0,3.0,3.0
0.010721271066979914,9.298958083606224e-05,0.002899024514986963,0.0,3.0,3.0
0.010142804134590254,0.0003067504391859524,0.0069455818556322015,0.0,3.0,3.0
0.010821214737239905,0.00014691930374267833,0.006613337529417225,0.0,1.125,1.125
0.010170111750374373,0.00014095107497758084,0.006823197387682193,0.0,0.0,0.0
0.007119309766168257,0.00018755344288022655,0.005634790086415263,0.0,0.0,0.0
0.0037958367599202777,0.00029023208749673053,0.004152079455204711,0.0,0.0,0.0
0.002650094129425078,0.00038105346001880437,0.0036667717958586998,0.0,0.0,0.0
0.002582442325449385,0.0004490831462096835,0.0032431306537017163,0.0,0.0,0.0
0.0024809646194858446,0.0005691056029979748,0.0027563455600153135,0.0,1.25,1.25
0.0024809646194858446,0.0006674848367626034,0.0024614717339359314,0.0,2.0,2.0
0.002882537406248412,0.0007040840938732256,0.002293986470640817,0.0,2.0,2.0
0.004540690631421741,0.0006945991107814569,0.0027151697039589397,0.0,2.0,2.0
0.010046761581251649,0.0005337796646841252,0.004457901177058733,0.0,2.0,2.0
0.012881825490389662,0.004944032792184488,0.00532820639864207,5.932982524329899e-06,2.0,2.0
0.011597601359692683,0.0002905471974152482,0.003094435600386244,5.685385615834242e-05,2.0,2.0
0.010074325908318374,0.0004862052601212562,0.006276877125991243,0.00015843087717200106,2.0,2.0
0.005375154732612686,0.00040538477462631915,0.004015748912065188,0.00010690269036620672,2.0,2.0
0.005213780788796527,0.00011080715954067086,0.002262359203925006,7.988504028822148e-06,2.0,2.0
0.005073673177167593,0.000103550326365982,0.002392514238254042,3.43832688024158e-05,2.0,2.0
0.005233519877513691,6.607590884740046e-05,0.0059922596478465965,0.0001375330752096632,2.0,2.0
0.005233894264943025,9.714683997421294e-05,0.0031451825388111045,3.7715705180910804e-05,4.5,4.5
0.005318243419011163,0.0001205156120168699,0.00410589918004823,0.00010501846232042217,6.0,6.0
0.007034243176364247,0.0006677937663945909,0.005602135716322461,8.751538526701847e-06,6.0,6.0
0.00933302262186616,0.002739810913116967,0.004981805437501306,0.0,6.0,6.0
0.010309895396238593,0.0002475454475018958,0.002590819213962708,0.0,6.0,6.0
0.009900557973788167,0.0005133068863712968,0.005798534461150089,0.0,6.0,6.0
0.010821214737239905,0.00028692495945897205,0.0057494985715440495,0.0,2.875,2.875
0.009865678632483749,0.0002388041164097812,0.006259621914380768,0.0,1.0,1.0
0.006645747138338401,0.0002742408323447736,0.004961320415124404,0.0,1.0,1.0
0.0035590554460053496,0.0004354659152644922,0.003508836641307363,0.0,1.0,1.0
0.0027177459334007717,0.0005483536511910406,0.0029770251888099823,0.0,1.0,1.0
0.0027177459334007717,0.0006239083088336243,0.0026718331838258102,0.0,1.0,1.0
0.0024809646194858446,0.0007986284464377844,0.002293291272630767,0.0,2.25,2.25
0.0024809646194858446,0.0009448904375625284,0.0020300577020010142,0.0,3.0,3.0
0.002882537406248412,0.0010295825265809366,0.001868082857028622,0.0,3.0,3.0
0.004371561121482508,0.0011596507303618308,0.002129553728705418,0.0,3.0,3.0
0.008425840183298587,0.0011590995360763717,0.002555179607366745,0.0,3.0,3.0
0.011116803771805298,0.005913988066203439,0.003739174636358645,5.419102148206838e-06,3.0,3.0
0.01432580963306033,0.0003671945692710372,0.0029567928125143975,2.167640859282735e-05,1.125,1.125
0.010584049854138957,0.0005232992777909728,0.006200114867293741,2.3295910384245484e-05,0.0,0.0
0.005289800549914033,0.0004687317932650666,0.003934187688082223,0.00011235293677963314,0.0,0.0
0.005097957356470349,0.00012897114504804692,0.00242057221356947,0.00011274224009487787,0.0,0.0
0.005004228829585014,5.362049939919776e-05,0.0024555244489900567,4.262092695299458e-05,0.0,0.0
0.005123290123384211,7.365332780000435e-06,0.006055689264053448,0.00016761843541177702,0.0,0.0
0.005139867137193282,4.568925246595085e-06,0.0037658098394115435,0.00014058521320118198,1.875,1.875
0.005245427270106211,1.2885062041538896e-05,0.004040883167981078,1.0775915765974516e-05,3.0,3.0
0.00694597680070637,0.0004204627954657194,0.005598286363117316,0.0,3.0,3.0
0.0089372380351858,0.0020775755910222987,0.004953666436774049,0.0,3.0,3.0
0.010721271066979914,0.00013250020913644348,0.002679983035273453,0.0,3.0,3.0
0.010142804134590254,0.0003645903691965985,0.006351184949000143,0.0,3.0,3.0
0.010821214737239905,0.0002014960332278391,0.005942440733392486,0.0,2.375,2.375
0.010170111750374373,0.00019577578229281565,0.006094681994040646,0.0,2.0,2.0
0.007119309766168257,0.00023056807517784597,0.004933812712334858,0.0,2.0,2.0
0.0037958367599202777,0.00036233890427551224,0.003549609778448655,0.0,2.0,2.0
0.002650094129425078,0.0004815502719038556,0.0030921967415481416,0.0,2.0,2.0
0.002582442325449385,0.0005722249793046105,0.0026753984705217768,0.0,2.0,2.0
0.0024809646194858446,0.0007042721297938486,0.002442626943074197,0.0,2.0,2.0
0.0024809646194858446,0.0007759036883938752,0.0022329859719077473,0.0,2.0,2.0
0.002882537406248412,0.0008477681969143709,0.0020649399238893145,0.0,2.0,2.0
0.004540690631421741,0.0008477199112640345,0.0024887392144870334,0.0,2.0,2.0
0.010046761581251649,0.0007017372729649848,0.004145909358048245,0.0,2.0,2.0
0.012881825490389662,0.005330998015085275,0.005046266879815349,5.045370965571883e-06,2.0,2.0
0.01161560634942182,0.0003138990248452518,0.002942220289551108,3.410297041543958e-05,1.375,1.375
0.010120562200316527,0.0006268435075616894,0.005512909396835482,5.7367736534465485e-05,1.0,1.0
0.005403364837843277,0.0006450695937876841,0.003147733063133024,4.640495517717349e-06,1.0,1.0
0.005213702966785435,0.0002084881018326899,0.0022248358646058627,0.0,1.0,1.0
0.005082423876453929,0.00019014681389213653,0.002186663279508485,0.0,1.0,1.0
0.005217317251133955,0.00015217850279002968,0.005428380959508648,3.237446369575292e-05,1.0,1.0
0.005244721956533213,0.0001090482668195043,0.0031468804775504765,0.00015598605235226406,1.625,1.625
0.005285541600833448,6.594078231258938e-05,0.004061335694226319,0.00011674427817559385,2.0,2.0
0.007026423927520989,0.0004467800215568433,0.005711091692836373,8.829399189750796e-06,2.0,2.0
0.00933302262186616,0.0022027736611182317,0.005152833075223848,0.0,2.0,2.0
0.010309895396238593,0.00014731490593675813,0.002683174413777086,0.0,2.0,2.0
0.009900557973788167,0.00035793403065243645,0.006303029774089485,0.0,2.0,2.0
0.010821214737239905,0.00021221453965037992,0.005878305197588555,0.0,1.375,1.375
0.009865678632483749,0.00020950763132990225,0.0061434234553686485,0.0,1.0,1.0
0.006645747138338401,0.0002501636441580618,0.004863461943679453,0.0,1.0,1.0
0.0035590554460053496,0.0003931919841116841,0.0034639826224954367,0.0,1.0,1.0
0.002650094129425078,0.0005072861526979097,0.0029151805708066965,0.0,1.0,1.0
0.002582442325449385,0.0006042350772055981,0.00258845451885705,0.0,1.0,1.0
0.0024809646194858446,0.0006869889483166843,0.002372562427785713,0.0,1.0,1.0
0.0024809646194858446,0.0007494792338807203,0.002228910490899873,0.0,1.0,1.0
0.002882537406248412,0.0007764338192709915,0.002087624831091239,0.0,1.0,1.0
0.004540690631421741,0.0007494374294119164,0.00255118321478716,0.0,1.0,1.0
0.010046761581251649,0.0005203836250257936,0.004339686255897147,0.0,1.0,1.0
0.012881825490389662,0.00466328813733612,0.005185464083139216,5.2322365568893606e-06,1.0,1.0
0.011620903462200276,0.0003035170768898878,0.002981228579180661,3.919505777884083e-05,2.25,2.25
0.010154246259386183,0.0005710090222220966,0.0054165516688943665,0.00010054926026141251,3.0,3.0
0.005397106681211305,0.00045681710265108185,0.00364577886473848,0.00014058521320118198,3.0,3.0
0.0052583703614674645,9.276930363202816e-05,0.002239505764779781,0.0001699386831706357,3.0,3.0
0.005089797981536238,3.459682855964491e-05,0.0028339562139705235,0.0001828479811041514,3.0,3.0
0.005233519877513691,9.448472156517633e-07,0.005354496503630203,0.0001375019309444436,3.0,3.0
0.005272423227350713,2.4178278272158776e-07,0.0038407925250071944,3.7061675611299636e-05,2.375,2.375
0.00530704133999164,5.801756394391037e-07,0.00476751630548183,0.00010632652145964449,2.0,2.0
0.006925645787999296,0.0001841949163414675,0.0071880597389029875,8.860543454970377e-06,2.0,2.0
0.00933302262186616,0.0011922184812684126,0.0062075829236951175,0.0,2.0,2.0
0.010309895396238593,6.292809927412427e-05,0.0029722952763158433,0.0,2.0,2.0
0.009900557973788167,0.00020723199922506242,0.007242943607511575,0.0,2.0,2.0
0.010821214737239905,0.00012196648400060369,0.0067789300140975025,0.0,1.375,1.375
0.009865678632483749,0.00013008589160442075,0.006952943061924607,0.0,1.0,1.0
0.006645747138338401,0.0001778681551632002,0.005653953711056386,0.0,1.0,1.0
0.0035590554460053496,0.00027439055951922496,0.004158773072549538,0.0,1.0,1.0
0.002650094129425078,0.00039586495448543167,0.003504517232393265,0.0,1.0,1.0
0.002582442325449385,0.0004732434248936729,0.0031037031561865734,0.0,1.0,1.0
0.0024809646194858446,0.0005328475116763717,0.002805643579587257,0.0,1.0,1.0
0.0024809646194858446,0.0005833203605739363,0.0025799819221965182,0.0,1.0,1.0
0.002882537406248412,0.0006257460049412439,0.002440659987798994,0.0,1.0,1.0
0.004540690631421741,0.0005941895412083021,0.002888439282892733,0.0,1.0,1.0
0.010046761581251649,0.0003949185614305819,0.004754230289140004,0.0,1.0,1.0
0.012881825490389662,0.004412258065821072,0.005571829764478232,5.932982524329899e-06,1.0,1.0
0.011628567067021353,0.0002313569952744078,0.003125771016239427,2.3731930097319597e-05,1.625,1.625
0.0101401264598341,0.00046816042886600013,0.005508737112671453,2.4448248197369927e-05,2.0,2.0
0.005385904602191781,0.00037500982543243815,0.0037534060517949194,0.00012370502145216987,2.0,2.0
0.005263745296257012,7.842780035044346e-05,0.0023641841168919194,0.00017805176426033615,2.0,2.0
0.005134606297614326,2.4665520278670893e-05,0.002966539151521685,0.00018683444705225758,2.0,2.0
0.0052783281935917786,4.767093012514091e-07,0.005750950714063203,0.0001821316630041011,2.0,2.0
0.005283703128381326,1.3901553371547156e-06,0.0045549018829353725,0.00014136381983167144,3.25,3.25
0.005350282089446142,5.702882183832426e-07,0.004463491019501941,1.0869348561633255e-05,4.0,4.0
0.007013597656905214,0.00018099581068212295,0.007086348828952292,1.8686559131747716e-07,4.0,4.0
0.00933302262186616,0.0008095934617003172,0.00617149313349566,0.0,4.0,4.0
0.010309895396238593,6.70922039777827e-05,0.0030169399151239434,0.0,4.0,4.0
0.009900557973788167,0.0002111675720304013,0.007247093039502398,0.0,4.0,4.0
0.010821214737239905,0.00010191682730724268,0.0068914025458105,0.0,2.125,2.125
0.009865678632483749,9.746527521978139e-05,0.007112519884356961,0.0,1.0,1.0
0.006645747138338401,0.00014746454571846896,0.005889817200472294,0.0,1.0,1.0
0.0035590554460053496,0.00022688936096684428,0.004370890214434049,0.0,1.0,1.0
0.0027177459334007717,0.000332727443663348,0.0037205334176260937,0.0,1.0,1.0
0.0027177459334007717,0.00039724930341985247,0.0033379901916367957,0.0,1.0,1.0
0.0024809646194858446,0.0004492236706093701,0.002986632051744971,0.0,1.0,1.0
0.0024809646194858446,0.0005065012706190172,0.002731998307267796,0.0,1.0,1.0
0.002882537406248412,0.0005411841021017122,0.0025770615655674118,0.0,1.0,1.0
0.004371561121482508,0.0005576076194829251,0.002767770087521858,0.0,1.0,1.0
0.008425840183298587,0.0004582737614561356,0.003534712137967153,0.0,1.0,1.0
0.011116803771805298,0.004305373691439117,0.004637161622190408,5.979698922159269e-06,1.0,1.0
0.014331106745838786,0.00021274558050497473,0.0034151909994083653,2.3918795688637076e-05,1.0,1.0
0.010618121200841225,0.00036356552535055136,0.00677935514508412,1.9932329740530897e-06,1.0,1.0
0.005337221724271288,0.0002669461585501409,0.00362649347255434,2.709551074103419e-05,1.0,1.0
0.005120361514509394,7.026215364996723e-05,0.0022731563069038866,0.00014365292332531058,1.0,1.0
0.005032222103070767,1.625389553359505e-05,0.0029692646636410155,0.00018459205995644784,1.0,1.0
0.005173473374251848,3.7704559434633585e-07,0.005547478733753524,0.00018217837940193043,1.0,1.0
0.005211097917778685,1.3499491392163022e-06,0.004833778341056157,0.00016836589777704692,2.25,2.25
0.005218763534460781,6.156352676748862e-07,0.005107698081560764,0.00011823920290613367,3.0,3.0
0.006890162621284948,0.0001768482001092694,0.007383849470864926,9.499000891971755e-06,3.0,3.0
0.0089372380351858,0.0007086227952569407,0.006180880846460178,0.0,3.0,3.0
0.010721271066979914,2.421042052232533e-05,0.0030313346737466393,0.0,3.0,3.0
0.010142804134590254,0.00016511270305461832,0.007545424945993058,0.0,3.0,3.0
0.010821214737239905,6.601068246750421e-05,0.007040430379806739,0.0,1.75,1.75
0.010170111750374373,7.553969586276865e-05,0.0071113500041355,0.0,1.0,1.0
0.007119309766168257,0.00012095526428121147,0.006052792896325658,0.0,1.0,1.0
0.0037958367599202777,0.00018431095049649632,0.0045309884586966324,0.0,1.0,1.0
0.0027177459334007717,0.00024862208507488344,0.003997593350150116,0.0,1.0,1.0
0.0027177459334007717,0.0003163869905160157,0.0035825230165174183,0.0,1.0,1.0
0.0024809646194858446,0.00033906319175147127,0.003306912058871326,0.0,0.375,0.375
0.0024809646194858446,0.0003745334027145113,0.003071719011577877,0.0,0.0,0.0
0.002882537406248412,0.0004150716290083536,0.0028920395891104417,0.0,0.0,0.0
0.004371561121482508,0.000445033221816534,0.0030816150394589333,0.0,0.0,0.0
0.008425840183298587,0.00037454587637683465,0.003910738701537187,0.0,0.0,0.0
0.011116803771805298,0.0042960708381959275,0.0049760976381392425,5.092087363401252e-06,0.0,0.0
0.014338848172670955,0.0002164424183905638,0.0034704976200604773,2.036834945360501e-05,1.875,1.875
0.010594235595024834,0.00041123338241949077,0.006783240811819971,2.03839215862148e-05,3.0,3.0
0.005294723275263154,0.00032781109640547633,0.004036381144769553,0.00011006383328599405,3.0,3.0
0.005097957356470349,9.10166964424031e-05,0.002473896590100909,0.0001735669900687167,3.0,3.0
0.005009817945031723,2.815673877696766e-05,0.002816699087032184,0.00011604353220815332,3.0,3.0
0.0051290394456030945,2.5542479442877586e-06,0.005490850022352856,4.073669890721002e-05,3.0,3.0
0.005139867137193282,5.597180949548967e-08,0.003990894853101731,0.0001551451571913354,1.75,1.75
0.005174937459274636,2.91161105100878e-07,0.004957234961834762,0.00011850392916050009,1.0,1.0
0.006821974380688176,0.0001711869684889565,0.00711675949374722,8.985120515848692e-06,1.0,1.0
0.0089372380351858,0.0010973828743488293,0.0061015952793625995,0.0,1.0,1.0
0.010721271066979914,3.3878024892554926e-05,0.0030681718366955425,0.0,1.0,1.0
0.010142804134590254,0.00017296510176951693,0.007581465558474261,0.0,1.0,1.0
0.010821214737239905,7.790555099369431e-05,0.0069933297774815596,0.0,1.0,1.0
0.010170111750374373,9.006164385095113e-05,0.007018360194597335,0.0,1.0,1.0
0.007119309766168257,0.00013054543215797792,0.005912798652112224,0.0,1.0,1.0
0.0037958367599202777,0.00019788384261593616,0.004405591841992682,0.0,1.0,1.0
0.002650094129425078,0.0002781560906180363,0.0038466598825573,0.0,1.0,1.0
0.002582442325449385,0.0003500056023833096,0.0034155861668972586,0.0,1.0,1.0
0.0024809646194858446,0.0003907795541196241,0.0031023240421428327,0.0,1.0,1.0
0.0024809646194858446,0.0004251348832946285,0.0028497674433196197,0.0,1.0,1.0
0.002882537406248412,0.00046400208483735885,0.0026823483172494712,0.0,1.0,1.0
0.004540690631421741,0.0004893263698269973,0.003140491845255049,0.0,1.0,1.0
0.010046761581251649,0.00032585558659284147,0.005023055624712011,0.0,1.0,1.0
0.012881825490389662,0.004478073637206122,0.00582232314261818,8.782682791921427e-06,1.0,1.0
0.011578050000378388,0.00020296143167474536,0.0032870486549488164,3.513073116768571e-05,1.0,1.0
0.010115808019192861,0.0003906188586243731,0.006009620634814075,3.4414413067635373e-05,1.0,1.0
0.0053092988868168305,0.00027259665205650564,0.004281650593408337,0.00012594740854797958,1.0,1.0
0.005191906662209,5.627643021093027e-05,0.0022001021462203585,1.04956173789983e-05,1.0,1.0
0.0050682982423780444,3.65007373624799e-05,0.0023167981715875273,3.45234179959039e-05,1.0,1.0
0.0052120201383554976,1.0669541666197768e-06,0.005327674980121295,0.0001380936719836156,1.0,1.0
0.005222692185923502,9.39918072920653e-07,0.0038795584702798966,3.8603316739668825e-05,1.625,1.625
0.005252465395226399,5.509871546393951e-07,0.004870559759912657,0.00010838204296413676,2.0,2.0
0.006898353001852831,0.00015537236434726354,0.007894297651311848,9.031836913678061e-06,2.0,2.0
0.00933302262186616,0.0005347368485263445,0.006624810285744311,0.0,2.0,2.0
0.010309895396238593,8.001081602661108e-06,0.0031019673322470838,0.0,2.0,2.0
0.009900557973788167,0.0001171034546404786,0.0077536842261817585,0.0,2.0,2.0
0.010821214737239905,4.105700736899195e-05,0.007160175694028964,0.0,1.375,1.375
0.009865678632483749,5.292071248892925e-05,0.0072975041227469105,0.0,1.0,1.0
0.006645747138338401,0.00010455549436010667,0.006121936434526698,0.0,1.0,1.0
0.0035590554460053496,0.00016930012565389988,0.004572487709259985,0.0,1.0,1.0
